6.749919999999999618e+02,2.026893377446759903e+00
6.796205999999999676e+02,2.034943247233610641e+00
6.842491999999999734e+02,2.050490169186881761e+00
6.888777999999999793e+02,2.050974877766266857e+00
6.935063999999999851e+02,2.052011260681281701e+00
6.981349999999999909e+02,2.066363363707092837e+00
6.981349999999999909e+02,2.088025478611975849e+00
7.027634000000000469e+02,2.088977750045005966e+00
7.073917999999999893e+02,2.047873347826785650e+00
7.120202000000000453e+02,2.022614349600849515e+00
7.166485999999999876e+02,2.048651752054496900e+00
7.212770000000000437e+02,2.059172787635695556e+00
7.212770000000000437e+02,2.058306093860533093e+00
7.259056000000000495e+02,2.128103987625173055e+00
7.305342000000000553e+02,2.230569782542879853e+00
7.351627999999999474e+02,2.315536537823215557e+00
7.397913999999999533e+02,2.359025445857178216e+00
7.444199999999999591e+02,2.482560405137963944e+00
7.444199999999999591e+02,2.797690856598866294e+00
7.490485999999999649e+02,3.139537595756877408e+00
7.536771999999999707e+02,3.244844118700305202e+00
7.583057999999999765e+02,3.193723692642959300e+00
7.629343999999999824e+02,3.086332201098779926e+00
7.675629999999999882e+02,2.903896006612975533e+00
7.675629999999999882e+02,2.723446508767257246e+00
7.721914000000000442e+02,2.583178835050019995e+00
7.768197999999999865e+02,2.481503040467195831e+00
7.814482000000000426e+02,2.396433101605115024e+00
7.860765999999999849e+02,2.352751323034842468e+00
7.907050000000000409e+02,2.364916450741114673e+00
7.907050000000000409e+02,2.397694335665889298e+00
7.953336000000000467e+02,2.445676177253442773e+00
7.999622000000000526e+02,2.543518355735523429e+00
8.045907999999999447e+02,2.672940290030878518e+00
8.092193999999999505e+02,2.793691394858944577e+00
8.138479999999999563e+02,2.853384012331576347e+00
8.138479999999999563e+02,2.779349605330365236e+00
8.184765999999999622e+02,2.733540787597129373e+00
8.231051999999999680e+02,2.803294421477856790e+00
8.277337999999999738e+02,2.889644891632197954e+00
8.323623999999999796e+02,2.887446451171359563e+00
8.369909999999999854e+02,2.886992313471562266e+00
8.369909999999999854e+02,3.015001881200534140e+00
8.416194000000000415e+02,3.157391529113906525e+00
8.462477999999999838e+02,3.096196032587812841e+00
8.508762000000000398e+02,2.931998145275223067e+00
8.555045999999999822e+02,2.839638145750558174e+00
8.601330000000000382e+02,2.755857998711920942e+00
8.601330000000000382e+02,2.686293520181736394e+00
8.647616000000000440e+02,2.609175778017036595e+00
8.693902000000000498e+02,2.534682675954332609e+00
8.740187999999999420e+02,2.484451055243049211e+00
8.786473999999999478e+02,2.455428099500225780e+00
8.832759999999999536e+02,2.464832479869878412e+00
8.832759999999999536e+02,2.459427930287423347e+00
8.879045999999999594e+02,2.452831393158508178e+00
8.925331999999999653e+02,2.482807096604970010e+00
8.971617999999999711e+02,2.559261326112628687e+00
9.017903999999999769e+02,2.625633539939877359e+00
9.064189999999999827e+02,2.722174776127499030e+00
9.064189999999999827e+02,2.825265704290798041e+00
9.110475999999999885e+02,2.888597102961341090e+00
9.156761999999999944e+02,2.929165406451575304e+00
9.203048000000000002e+02,2.908692775144854359e+00
9.249334000000000060e+02,2.867085331448848695e+00
9.295620000000000118e+02,2.837797026930412692e+00
9.295620000000000118e+02,2.855287493580165314e+00
9.341903999999999542e+02,2.907052598990942371e+00
9.388188000000000102e+02,2.979119877436322561e+00
9.434471999999999525e+02,3.063492802662041825e+00
9.480756000000000085e+02,3.127017010997301227e+00
9.527039999999999509e+02,3.174289586986570821e+00
9.527039999999999509e+02,3.203422764714067839e+00
9.573325999999999567e+02,3.241273968824385676e+00
9.619611999999999625e+02,3.281753335135039862e+00
9.665897999999999683e+02,3.329623475309861025e+00
9.712183999999999742e+02,3.331919600129521264e+00
9.758469999999999800e+02,3.308269346380617648e+00
9.758469999999999800e+02,3.329107969816401003e+00
9.804755999999999858e+02,3.392202704827594673e+00
9.851041999999999916e+02,3.432648076052732034e+00
9.897327999999999975e+02,3.459759239326872571e+00
9.943614000000000033e+02,3.442424307765749703e+00
9.989900000000000091e+02,3.394265118656662583e+00
9.989900000000000091e+02,3.322216681662275573e+00
1.003618399999999951e+03,3.134211653398047748e+00
1.008246800000000007e+03,2.849490976577083057e+00
1.012875199999999950e+03,2.652326975504080586e+00
1.017503600000000006e+03,2.498514087912248272e+00
1.022131999999999948e+03,2.294428772762756807e+00
1.022131999999999948e+03,2.201853861765863396e+00
1.026760600000000068e+03,2.236365463137316656e+00
1.031389200000000073e+03,2.277719023588001157e+00
1.036017800000000079e+03,2.334111282326390757e+00
1.040646400000000085e+03,2.371404043705123144e+00
1.045275000000000091e+03,2.418340663574335636e+00
1.045275000000000091e+03,2.516554795025097935e+00
1.049903400000000147e+03,2.692648839392955740e+00
1.054531799999999976e+03,2.906346000948650588e+00
1.059160200000000032e+03,3.099993069568912851e+00
1.063788599999999860e+03,3.207468766800333437e+00
1.068416999999999916e+03,3.227819513291163567e+00
1.068416999999999916e+03,3.247545663509217029e+00
1.073045399999999972e+03,3.252423608324016779e+00
1.077673800000000028e+03,3.252994932399585259e+00
1.082302199999999857e+03,3.233722604155831348e+00
1.086930599999999913e+03,3.181286731795776035e+00
1.091558999999999969e+03,3.154861056392973762e+00
1.091558999999999969e+03,3.170515058854224133e+00
1.096187599999999975e+03,3.235975712532550119e+00
1.100816199999999981e+03,3.304408583020968848e+00
1.105444799999999987e+03,3.333615389162488452e+00
1.110073399999999992e+03,3.350044927544209461e+00
1.114701999999999998e+03,3.389210727771320819e+00
1.114701999999999998e+03,3.419062363822365391e+00
1.119330400000000054e+03,3.476590350353031322e+00
1.123958800000000110e+03,3.573848726808730891e+00
1.128587199999999939e+03,3.636144787815450474e+00
1.133215599999999995e+03,3.649871438274562951e+00
1.137844000000000051e+03,3.706074905262694230e+00
1.137844000000000051e+03,3.802909894807330105e+00
1.142472400000000107e+03,3.845342941029109785e+00
1.147100800000000163e+03,3.866251509196781733e+00
1.151729199999999992e+03,3.852853306817305867e+00
1.156357600000000048e+03,3.843905047806132735e+00
1.160986000000000104e+03,3.833234880725894467e+00
1.160986000000000104e+03,3.810619700649352293e+00
1.165614600000000110e+03,3.772803667117736293e+00
1.170243200000000115e+03,3.711032861711510478e+00
1.174871799999999894e+03,3.694335115479515874e+00
1.179500399999999900e+03,3.725189206313796131e+00
1.184128999999999905e+03,3.761333544822930808e+00
1.184128999999999905e+03,3.787128542188624714e+00
1.188757399999999961e+03,3.818106627149400190e+00
1.193385800000000017e+03,3.815205475278969249e+00
1.198014199999999846e+03,3.748131227725088888e+00
1.202642599999999902e+03,3.640820499396431043e+00
1.207270999999999958e+03,3.538792014703505462e+00
1.207270999999999958e+03,3.512005877300713674e+00
1.211899400000000014e+03,3.545380400935278065e+00
1.216527800000000070e+03,3.586527712318888117e+00
1.221156199999999899e+03,3.630091215005361693e+00
1.225784599999999955e+03,3.669880203620265124e+00
1.230413000000000011e+03,3.693555998919489713e+00
1.230413000000000011e+03,3.703413250612072716e+00
1.235041600000000017e+03,3.715652230276953905e+00
1.239670200000000023e+03,3.742946099001557503e+00
1.244298800000000028e+03,3.748780609536214392e+00
1.248927400000000034e+03,3.647383730839747429e+00
1.253556000000000040e+03,3.528706120642662647e+00
1.253556000000000040e+03,3.431191165044370717e+00
1.258055833333333339e+03,3.224929166292247462e+00
1.262555666666666639e+03,2.800418714364671491e+00
1.267055499999999938e+03,2.604666945864852146e+00
1.271555333333333465e+03,2.765224080664654860e+00
1.276055166666666764e+03,2.947561976310256959e+00
1.280555000000000064e+03,3.098576666189140294e+00
1.280555000000000064e+03,3.161116983215940923e+00
1.285183400000000120e+03,3.113025707214682303e+00
1.289811799999999948e+03,3.028386225283145272e+00
1.294440200000000004e+03,3.009278203790304751e+00
1.299068599999999833e+03,2.989511571055122552e+00
1.303696999999999889e+03,2.912225069921039466e+00
1.303696999999999889e+03,2.862681693363524182e+00
1.308325599999999895e+03,2.816742370820791042e+00
1.312954199999999901e+03,2.759660157081727405e+00
1.317582799999999907e+03,2.729498781891490200e+00
1.322211399999999912e+03,2.752333967973991324e+00
1.326839999999999918e+03,2.787628723924341134e+00
1.326839999999999918e+03,2.791613441013244490e+00
1.331468399999999974e+03,2.786719919717225658e+00
1.336096800000000030e+03,2.754554615380876648e+00
1.340725199999999859e+03,2.748539513609933760e+00
1.345353599999999915e+03,2.795214597036466575e+00
1.349981999999999971e+03,2.826784087705475734e+00
1.349981999999999971e+03,2.876314518679488508e+00
1.354610400000000027e+03,2.903977755005658690e+00
1.359238800000000083e+03,2.929525620325020174e+00
1.363867199999999912e+03,2.954735717148197605e+00
1.368495599999999968e+03,2.975009800748910749e+00
1.373124000000000024e+03,2.976009890984711248e+00
1.373124000000000024e+03,2.966113694989148009e+00
1.377752600000000029e+03,2.982695120382977461e+00
1.382381200000000035e+03,3.049469357053904872e+00
1.387009800000000041e+03,3.102979932787138129e+00
1.391638400000000047e+03,3.162323544322998892e+00
1.396267000000000053e+03,3.134848548043558836e+00
1.396267000000000053e+03,3.024902789258961722e+00
1.400895400000000109e+03,2.940976431989580586e+00
1.405523800000000165e+03,2.856495154655227076e+00
1.410152199999999993e+03,2.731345780126028355e+00
1.414780600000000049e+03,2.657525080448648769e+00
1.419409000000000106e+03,2.669721284043117038e+00
1.419409000000000106e+03,2.806742951159214350e+00
1.424037400000000162e+03,3.014391578170896313e+00
1.428665799999999990e+03,3.188568017481189010e+00
1.433294200000000046e+03,3.327848227696303063e+00
1.437922599999999875e+03,3.388480441581555702e+00
1.442550999999999931e+03,3.338452312497752317e+00
1.442550999999999931e+03,3.308239454052805950e+00
1.447179599999999937e+03,3.298934354757462106e+00
1.451808199999999943e+03,3.317785185328289810e+00
1.456436799999999948e+03,3.351315198626311442e+00
1.461065399999999954e+03,3.353080465191931481e+00
1.465693999999999960e+03,3.275638048342678577e+00
1.465693999999999960e+03,3.261181141502253134e+00
1.470322400000000016e+03,3.276665685326869859e+00
1.474950800000000072e+03,3.333213825826799592e+00
1.479579199999999901e+03,3.325109272731004761e+00
1.484207599999999957e+03,3.295815314098499815e+00
1.488836000000000013e+03,3.276911026711868402e+00
1.488836000000000013e+03,3.248548258094912100e+00
1.493464400000000069e+03,3.208008129904141637e+00
1.498092800000000125e+03,3.051959774321868490e+00
1.502721199999999953e+03,2.834916764258553101e+00
1.507349600000000009e+03,2.712028833300455410e+00
1.511978000000000065e+03,2.376234615550385953e+00
1.511978000000000065e+03,2.107479595396360317e+00
1.516606600000000071e+03,2.076572940921707744e+00
1.521235200000000077e+03,2.116855464706166146e+00
1.525863800000000083e+03,2.131526966646764887e+00
1.530492400000000089e+03,2.120306546174725693e+00
1.535121000000000095e+03,2.114138171047080572e+00
1.535121000000000095e+03,2.106048255329639129e+00
1.539749400000000151e+03,2.113089168143584384e+00
1.544377799999999979e+03,2.125416383064286041e+00
1.549006200000000035e+03,2.104064471556914118e+00
1.553634599999999864e+03,2.110376914230860379e+00
1.558262999999999920e+03,2.130253025281431789e+00
1.558262999999999920e+03,2.149075558190939983e+00
1.562891399999999976e+03,2.158144698287639329e+00
1.567519800000000032e+03,2.157178567170472849e+00
1.572148199999999861e+03,2.149606419980425454e+00
1.576776599999999917e+03,2.153167348834634343e+00
1.581404999999999973e+03,2.136094678405553449e+00
1.581404999999999973e+03,2.120281871804696294e+00
1.586033599999999979e+03,2.116296388260391570e+00
1.590662199999999984e+03,2.125995335854679702e+00
1.595290799999999990e+03,2.141017420907227464e+00
1.599919399999999996e+03,2.136060563822054448e+00
1.604548000000000002e+03,2.134860922520774640e+00
1.604548000000000002e+03,2.144360505335132228e+00
1.609176400000000058e+03,2.153393449004926463e+00
1.613804800000000114e+03,2.174515185965916420e+00
1.618433199999999943e+03,2.191665439382853631e+00
1.623061599999999999e+03,2.200498904742298478e+00
1.627690000000000055e+03,2.223922380746209182e+00
1.627690000000000055e+03,2.259921568763718636e+00
1.632318400000000111e+03,2.277615818277463511e+00
1.636946800000000167e+03,2.268749747772816239e+00
1.641575199999999995e+03,2.247159826351496914e+00
1.646203600000000051e+03,2.243751853845028954e+00
1.650832000000000107e+03,2.252548938993642835e+00
1.650832000000000107e+03,2.282087415788515372e+00
1.655460600000000113e+03,2.305861348885691609e+00
1.660089200000000119e+03,2.297844805847676586e+00
1.664717799999999897e+03,2.305839652666893613e+00
1.669346399999999903e+03,2.341010685774640887e+00
1.673974999999999909e+03,2.388352567558957418e+00
1.673974999999999909e+03,2.461625649859782605e+00
1.678603399999999965e+03,2.556007922367565577e+00
1.683231800000000021e+03,2.619712029783456408e+00
1.687860199999999850e+03,2.670767330777875426e+00
1.692488599999999906e+03,2.727980882867090617e+00
1.697116999999999962e+03,2.757103297663543451e+00
1.697116999999999962e+03,2.789647804946141285e+00
1.701745400000000018e+03,2.858482478923965786e+00
1.706373800000000074e+03,2.944333024737299631e+00
1.711002199999999903e+03,3.094835699446612853e+00
1.715630599999999959e+03,3.226331562750966331e+00
1.720259000000000015e+03,3.297285554500305249e+00
1.720259000000000015e+03,3.311109394442709242e+00
1.724887600000000020e+03,3.339143150865004017e+00
1.729516200000000026e+03,3.356899555682150371e+00
1.734144800000000032e+03,3.338237463401072969e+00
1.738773400000000038e+03,3.334201427952861785e+00
1.743402000000000044e+03,3.358301158918491680e+00
1.743402000000000044e+03,3.342590799138198232e+00
1.748030400000000100e+03,3.273342648332246974e+00
1.752658800000000156e+03,3.169667593859327503e+00
1.757287199999999984e+03,3.086328280278782810e+00
1.761915600000000040e+03,2.988220911461094254e+00
1.766544000000000096e+03,2.885821755354912810e+00
1.766544000000000096e+03,2.798257718063926092e+00
1.771172400000000152e+03,2.699614507366553173e+00
1.775800799999999981e+03,2.533843057008061450e+00
1.780429200000000037e+03,2.377122330752273527e+00
1.785057599999999866e+03,2.210901131331694636e+00
1.789685999999999922e+03,2.060465663740992603e+00
1.789685999999999922e+03,1.967747344890694139e+00
1.794314599999999928e+03,1.921572594590953642e+00
1.798943199999999933e+03,1.923760748768266859e+00
1.803571799999999939e+03,1.946837112603746034e+00
1.808200399999999945e+03,1.952788532290732793e+00
1.812828999999999951e+03,1.956269965452878123e+00
1.812828999999999951e+03,1.947041122964142446e+00
1.817457400000000007e+03,1.947348032674709017e+00
1.822085800000000063e+03,1.955044235922513529e+00
1.826714199999999892e+03,1.951439461905103201e+00
1.831342599999999948e+03,1.934101828493463904e+00
1.835971000000000004e+03,1.914800297237334581e+00
1.835971000000000004e+03,1.905324491885420857e+00
1.840599400000000060e+03,1.899189784032405681e+00
1.845227800000000116e+03,1.885541623582467574e+00
1.849856199999999944e+03,1.866637806211786099e+00
1.854484600000000000e+03,1.855320264937568631e+00
1.859113000000000056e+03,1.844097171731852391e+00
1.859113000000000056e+03,1.828069141842360690e+00
1.863741600000000062e+03,1.815310904073309084e+00
1.868370200000000068e+03,1.806299343972821880e+00
1.872998800000000074e+03,1.789549605967742041e+00
1.877627400000000080e+03,1.778062794671058544e+00
1.882256000000000085e+03,1.770798609385400901e+00
1.882256000000000085e+03,1.766637699509953752e+00
1.886884400000000142e+03,1.763285778323886666e+00
1.891512799999999970e+03,1.764012972489422015e+00
1.896141200000000026e+03,1.768424345720693847e+00
1.900769599999999855e+03,1.776595347245481626e+00
1.905397999999999911e+03,1.782292938112249647e+00
1.905397999999999911e+03,1.789136016484988989e+00
1.910026399999999967e+03,1.796130444500874557e+00
1.914654800000000023e+03,1.802560085031015946e+00
1.919283199999999852e+03,1.814960233701215842e+00
1.923911599999999908e+03,1.816401637613196618e+00
1.928539999999999964e+03,1.818152367376432155e+00
1.928539999999999964e+03,1.829907745280355824e+00
1.933168599999999969e+03,1.836199996608481655e+00
1.937797199999999975e+03,1.842211355987622756e+00
1.942425799999999981e+03,1.856522940097636853e+00
1.947054399999999987e+03,1.879540714031121329e+00
1.951682999999999993e+03,1.896570520888284372e+00
1.951682999999999993e+03,1.897940971730927684e+00
1.956311400000000049e+03,1.908390113383175102e+00
1.960939800000000105e+03,1.920260209540170626e+00
1.965568199999999933e+03,1.923969766583581320e+00
1.970196599999999989e+03,1.918818307493190600e+00
1.974825000000000045e+03,1.914354104856064831e+00
1.974825000000000045e+03,1.915785961725827935e+00
1.979453400000000101e+03,1.913881078153029325e+00
1.984081800000000158e+03,1.902186541175959977e+00
1.988710199999999986e+03,1.888159283081475071e+00
1.993338600000000042e+03,1.877292695975561143e+00
1.997967000000000098e+03,1.863564195224460374e+00
1.997967000000000098e+03,1.852835276899235550e+00
2.002595600000000104e+03,1.846744915983061786e+00
2.007224200000000110e+03,1.838806882180068492e+00
2.011852799999999888e+03,1.828127096891351000e+00
2.016481399999999894e+03,1.813685836508158289e+00
2.021109999999999900e+03,1.812501968183214407e+00
2.021109999999999900e+03,1.812739935272677627e+00
2.025738399999999956e+03,1.813335175812943678e+00
2.030366800000000012e+03,1.821030253046216796e+00
2.034995199999999841e+03,1.829170733580882890e+00
2.039623599999999897e+03,1.839378424021857805e+00
2.044251999999999953e+03,1.845357348084468496e+00
2.044251999999999953e+03,1.851140783317993588e+00
2.048880599999999959e+03,1.853817202002452813e+00
2.053509199999999964e+03,1.850217890055633418e+00
2.058137799999999970e+03,1.846828014786581207e+00
2.062766399999999976e+03,1.833135888331259178e+00
2.067394999999999982e+03,1.825534982453891786e+00
2.067394999999999982e+03,1.823517507712172137e+00
2.072023599999999988e+03,1.816674672198455465e+00
2.076652199999999993e+03,1.805694988178050187e+00
2.081280799999999999e+03,1.802364919256061571e+00
2.085909400000000005e+03,1.805690454598144701e+00
2.090538000000000011e+03,1.808905137700677068e+00
2.090538000000000011e+03,1.802690403299686217e+00
2.095166600000000017e+03,1.791682308294841874e+00
2.099795200000000023e+03,1.787023733738698716e+00
2.104423800000000028e+03,1.781400565773242350e+00
2.109052400000000034e+03,1.773768009305876969e+00
2.113681000000000040e+03,1.768559312927739935e+00
2.113681000000000040e+03,1.765560563585735654e+00
2.118309600000000046e+03,1.764935754170197324e+00
2.122938200000000052e+03,1.763160304937741785e+00
2.127566800000000057e+03,1.762234036890435007e+00
2.132195400000000063e+03,1.766519981023966013e+00
2.136824000000000069e+03,1.764546534782758469e+00
2.136824000000000069e+03,1.750276195785406053e+00
2.141452600000000075e+03,1.741407827503407946e+00
2.146081200000000081e+03,1.737945045843215075e+00
2.150709800000000087e+03,1.735383202251925550e+00
2.155338400000000092e+03,1.736036316528346557e+00
2.159967000000000098e+03,1.739311341168700897e+00
2.159967000000000098e+03,1.734674425959186861e+00
2.164595600000000104e+03,1.727290043408222564e+00
2.169224200000000110e+03,1.727812265481414311e+00
2.173852800000000116e+03,1.722749520409321278e+00
2.178481400000000122e+03,1.714401534610531908e+00
2.183110000000000127e+03,1.712925068556590436e+00
2.183110000000000127e+03,1.709436737423335018e+00
2.187738600000000133e+03,1.704384695006901262e+00
2.192367200000000139e+03,1.704651613271490396e+00
2.196995800000000145e+03,1.702904324831404637e+00
2.201624400000000151e+03,1.697058986393222835e+00
2.206253000000000156e+03,1.696601812768302908e+00
2.206253000000000156e+03,1.696108092616221530e+00
2.210881600000000162e+03,1.697883004695674991e+00
2.215510200000000168e+03,1.698926833653339630e+00
2.220138800000000174e+03,1.694416552013377153e+00
2.224767400000000180e+03,1.692894198097478098e+00
2.229396000000000186e+03,1.687861184887577748e+00
2.229396000000000186e+03,1.681522028196922536e+00
2.234024800000000141e+03,1.679422505860804327e+00
2.238653600000000097e+03,1.674784649996669428e+00
2.243282400000000052e+03,1.678997139044118514e+00
2.247911200000000008e+03,1.681842564994977529e+00
2.252539999999999964e+03,1.675430711365324843e+00
2.252539999999999964e+03,1.675756470618969818e+00
2.257168599999999969e+03,1.675603197210475459e+00
2.261797199999999975e+03,1.675403255991924301e+00
2.266425799999999981e+03,1.678756075654006752e+00
2.271054399999999987e+03,1.681285423793988265e+00
2.275682999999999993e+03,1.680649295167745416e+00
2.275682999999999993e+03,1.685779519744230903e+00
2.280311599999999999e+03,1.692281549048480604e+00
2.284940200000000004e+03,1.693082242133017834e+00
2.289568800000000010e+03,1.696406191214000048e+00
2.294197400000000016e+03,1.698342353928586013e+00
2.298826000000000022e+03,1.699586657957057767e+00
2.298826000000000022e+03,1.691128182324058038e+00
2.303454600000000028e+03,1.682234786165531792e+00
2.308083200000000033e+03,1.682210108636047474e+00
2.312711800000000039e+03,1.692130252337085361e+00
2.317340400000000045e+03,1.696274616698961957e+00
2.321969000000000051e+03,1.704493451023087802e+00
2.321969000000000051e+03,1.701873598913123731e+00
2.326469000000000051e+03,1.671149025462969284e+00
2.330969000000000051e+03,1.670246376378672792e+00
2.335469000000000051e+03,1.685094967265123866e+00
2.339969000000000051e+03,1.690970864715108934e+00
2.344469000000000051e+03,1.681857118064173040e+00
2.348969000000000051e+03,1.672913750668282296e+00
2.348969000000000051e+03,1.690363486167108631e+00
2.353469000000000051e+03,1.684021043442187837e+00
2.357969000000000051e+03,1.657497724687628793e+00
2.362469000000000051e+03,1.695447645892403044e+00
2.366969000000000051e+03,1.727910227395539566e+00
2.371469000000000051e+03,1.709942891753655214e+00
2.375969000000000051e+03,1.668853845123504209e+00
2.375969000000000051e+03,1.669943847292623129e+00
2.380597600000000057e+03,1.692165396058122440e+00
2.385226200000000063e+03,1.699096407687241017e+00
2.389854800000000068e+03,1.699771672987743010e+00
2.394483400000000074e+03,1.701424566260100857e+00
2.399112000000000080e+03,1.694639259899387573e+00
2.399112000000000080e+03,1.697829653454535848e+00
2.403740600000000086e+03,1.704026865025785487e+00
2.408369200000000092e+03,1.701461222883105195e+00
2.412997800000000097e+03,1.700981018526307897e+00
2.417626400000000103e+03,1.710044987711166087e+00
2.422255000000000109e+03,1.711458467137496386e+00
2.422255000000000109e+03,1.707761294925182360e+00
2.426883600000000115e+03,1.703597281458768098e+00
2.431512200000000121e+03,1.695975271091856529e+00
2.436140800000000127e+03,1.680112179236196601e+00
2.440769400000000132e+03,1.675312758408814551e+00
2.445398000000000138e+03,1.676913365976003156e+00
2.445398000000000138e+03,1.665281411857203020e+00
2.450026800000000094e+03,1.649550573120148966e+00
2.454655600000000049e+03,1.647567533869670919e+00
2.459284400000000005e+03,1.646158877455767833e+00
2.463913199999999961e+03,1.638136127529755015e+00
2.468541999999999916e+03,1.640347656089654160e+00
2.468541999999999916e+03,1.640067923353865309e+00
2.473170599999999922e+03,1.641424272121277506e+00
2.477799199999999928e+03,1.645909439745357306e+00
2.482427799999999934e+03,1.643244406974561533e+00
2.487056399999999940e+03,1.636608997551868061e+00
2.491684999999999945e+03,1.633700278940485084e+00
2.491684999999999945e+03,1.633591059540894452e+00
2.496313599999999951e+03,1.639305549802953177e+00
2.500942199999999957e+03,1.640431053128622363e+00
2.505570799999999963e+03,1.632742624000388387e+00
2.510199399999999969e+03,1.631998950430811668e+00
2.514827999999999975e+03,1.640551018286692253e+00
2.514827999999999975e+03,1.647847380207179580e+00
2.519456599999999980e+03,1.646003847525672192e+00
2.524085199999999986e+03,1.653361815886726482e+00
2.528713799999999992e+03,1.663061436568518570e+00
2.533342399999999998e+03,1.672927692174087433e+00
2.537971000000000004e+03,1.682349457781938229e+00
2.537971000000000004e+03,1.687836524796031412e+00
2.542599600000000009e+03,1.687639012415882878e+00
2.547228200000000015e+03,1.692481356449599517e+00
2.551856800000000021e+03,1.694210975716539780e+00
2.556485400000000027e+03,1.689683880635622470e+00
2.561114000000000033e+03,1.692478479193166852e+00
2.561114000000000033e+03,1.701094366114036749e+00
2.565742600000000039e+03,1.699267254385200321e+00
2.570371200000000044e+03,1.692044856740339442e+00
2.574999800000000050e+03,1.693891290419432316e+00
2.579628400000000056e+03,1.701771805522677150e+00
2.584257000000000062e+03,1.708166474038510074e+00
2.584257000000000062e+03,1.710869226026521250e+00
2.588885600000000068e+03,1.708113743874277723e+00
2.593514200000000073e+03,1.707806809658893199e+00
2.598142800000000079e+03,1.712449876257758463e+00
2.602771400000000085e+03,1.710506025931930019e+00
2.607400000000000091e+03,1.698692653117398699e+00
2.607400000000000091e+03,1.696801296845302343e+00
2.612028600000000097e+03,1.697036673295216680e+00
2.616657200000000103e+03,1.693221897316157465e+00
2.621285800000000108e+03,1.686545346091947284e+00
2.625914400000000114e+03,1.684971650468159110e+00
2.630543000000000120e+03,1.681223859842980506e+00
2.630543000000000120e+03,1.678863747622184155e+00
2.635171600000000126e+03,1.680497160605385343e+00
2.639800200000000132e+03,1.684251820373946273e+00
2.644428800000000138e+03,1.691119007451585388e+00
2.649057400000000143e+03,1.693877413538472876e+00
2.653686000000000149e+03,1.690332034091935887e+00
2.653686000000000149e+03,1.679459971588872280e+00
2.658314600000000155e+03,1.673321224786187722e+00
2.662943200000000161e+03,1.678004090238975232e+00
2.667571800000000167e+03,1.678195157762159440e+00
2.672200400000000172e+03,1.669221911139611825e+00
2.676829000000000178e+03,1.658822774257240340e+00
2.676829000000000178e+03,1.657788550871182043e+00
2.681457600000000184e+03,1.661960631073145622e+00
2.686086200000000190e+03,1.661496649563068528e+00
2.690714800000000196e+03,1.656465130363361515e+00
2.695343400000000202e+03,1.657149746554999581e+00
2.699972000000000207e+03,1.658908360886119926e+00
2.699972000000000207e+03,1.654906271243432370e+00
2.704600600000000213e+03,1.656129919014894147e+00
2.709229200000000219e+03,1.659606481412112089e+00
2.713857799999999770e+03,1.663381697753883781e+00
2.718486399999999776e+03,1.669588073821412166e+00
2.723114999999999782e+03,1.671985781674440119e+00
2.723114999999999782e+03,1.670773041000147563e+00
2.727743599999999788e+03,1.675298006728792810e+00
2.732372199999999793e+03,1.681316411136737576e+00
2.737000799999999799e+03,1.686013908627143953e+00
2.741629399999999805e+03,1.692025276964816749e+00
2.746257999999999811e+03,1.699439343350446219e+00
2.746257999999999811e+03,1.709515250352360960e+00
2.750886599999999817e+03,1.712543042511564639e+00
2.755515199999999822e+03,1.723000277718941486e+00
2.760143799999999828e+03,1.741555033727896440e+00
2.764772399999999834e+03,1.748854790933857650e+00
2.769400999999999840e+03,1.749594688573658186e+00
2.769400999999999840e+03,1.756938388610886692e+00
2.774029599999999846e+03,1.760145432454108594e+00
2.778658199999999852e+03,1.763113746902153389e+00
2.783286799999999857e+03,1.767898829235165836e+00
2.787915399999999863e+03,1.770800047351964057e+00
2.792543999999999869e+03,1.773204311899957641e+00
2.792543999999999869e+03,1.780590017792038404e+00
2.797172799999999825e+03,1.791744052636489171e+00
2.801801599999999780e+03,1.800187309519634127e+00
2.806430400000000191e+03,1.818521130170679623e+00
2.811059200000000146e+03,1.846752928316142572e+00
2.815688000000000102e+03,1.878890897773722646e+00
2.815688000000000102e+03,1.919464237400803519e+00
2.820316600000000108e+03,1.982727249426412985e+00
2.824945200000000114e+03,2.061624040097938870e+00
2.829573800000000119e+03,2.155722791174977448e+00
2.834202400000000125e+03,2.264552429506971887e+00
2.838831000000000131e+03,2.390195930314831685e+00
2.838831000000000131e+03,2.501396234776072536e+00
2.843459600000000137e+03,2.539253160630901007e+00
2.848088200000000143e+03,2.510089353464620920e+00
2.852716800000000148e+03,2.452822333171565727e+00
2.857345400000000154e+03,2.386935270081632421e+00
2.861974000000000160e+03,2.337745670381983665e+00
2.861974000000000160e+03,2.323152498015122358e+00
2.866602600000000166e+03,2.348693733178970344e+00
2.871231200000000172e+03,2.394149897125290583e+00
2.875859800000000178e+03,2.463036265083366150e+00
2.880488400000000183e+03,2.550997535758902757e+00
2.885117000000000189e+03,2.631964295318812042e+00
2.885117000000000189e+03,2.696320991062948202e+00
2.889745600000000195e+03,2.747278256695310450e+00
2.894374200000000201e+03,2.796817369128600017e+00
2.899002800000000207e+03,2.851182499090569866e+00
2.903631400000000212e+03,2.902395690898652347e+00
2.908260000000000218e+03,2.937071791634906504e+00
2.908260000000000218e+03,2.973561755920649308e+00
2.912888600000000224e+03,2.986433811542799965e+00
2.917517200000000230e+03,2.985207434733699650e+00
2.922145799999999781e+03,3.040110314659344226e+00
2.926774399999999787e+03,3.084246441012735040e+00
2.931402999999999793e+03,3.079056924240339832e+00
2.931402999999999793e+03,3.091429142662212026e+00
2.936031599999999798e+03,3.113858540761661686e+00
2.940660199999999804e+03,3.119881932078267361e+00
2.945288799999999810e+03,3.152247614988985980e+00
2.949917399999999816e+03,3.225800331365387130e+00
2.954545999999999822e+03,3.250859664524392567e+00
2.954545999999999822e+03,3.231110615296062250e+00
2.959174599999999828e+03,3.235710914470479871e+00
2.963803199999999833e+03,3.173898744796913363e+00
2.968431799999999839e+03,3.086735686901754150e+00
2.973060399999999845e+03,3.030698418470814115e+00
2.977688999999999851e+03,3.032727106901785152e+00
2.977688999999999851e+03,3.029851001809940492e+00
2.982317599999999857e+03,3.012144191031574714e+00
2.986946199999999862e+03,3.014969261714301130e+00
2.991574799999999868e+03,3.063426155575619703e+00
2.996203399999999874e+03,3.110251155362560027e+00
3.000831999999999880e+03,3.120776526790822292e+00
3.000831999999999880e+03,3.106690504495568383e+00
3.005460599999999886e+03,3.079670670024710510e+00
3.010089199999999892e+03,3.076883179447721162e+00
3.014717799999999897e+03,3.041678231293815315e+00
3.019346399999999903e+03,2.974139152617367721e+00
3.023974999999999909e+03,2.910545213102771811e+00
3.023974999999999909e+03,2.863582378121087846e+00
3.028603599999999915e+03,2.806465474408137872e+00
3.033232199999999921e+03,2.703410204055804122e+00
3.037860799999999927e+03,2.578202679921291374e+00
3.042489399999999932e+03,2.467159560264976292e+00
3.047117999999999938e+03,2.368207189697665971e+00
3.047117999999999938e+03,2.257379770552608633e+00
3.051746599999999944e+03,2.169927313515518374e+00
3.056375199999999950e+03,2.093994751064862658e+00
3.061003799999999956e+03,2.024117788422637787e+00
3.065632399999999961e+03,1.976434598723345815e+00
3.070260999999999967e+03,1.943977914697422760e+00
3.070260999999999967e+03,1.919869689225343512e+00
3.074889599999999973e+03,1.891833611370461909e+00
3.079518199999999979e+03,1.872572486722321239e+00
3.084146799999999985e+03,1.855115217968033692e+00
3.088775399999999991e+03,1.846049923529090808e+00
3.093403999999999996e+03,1.852762615420790793e+00
3.093403999999999996e+03,1.847656834904341849e+00
3.098032600000000002e+03,1.826551731899686670e+00
3.102661200000000008e+03,1.813971538640719583e+00
3.107289800000000014e+03,1.803188584826688423e+00
3.111918400000000020e+03,1.788771483159683928e+00
3.116547000000000025e+03,1.785392526079760955e+00
3.116547000000000025e+03,1.781140818957413385e+00
3.121175600000000031e+03,1.771221701429723794e+00
3.125804200000000037e+03,1.765129730069743497e+00
3.130432800000000043e+03,1.754091793657490683e+00
3.135061400000000049e+03,1.741037340279203205e+00
3.139690000000000055e+03,1.734086448056618268e+00
3.139690000000000055e+03,1.735412977696575210e+00
3.144318600000000060e+03,1.740104789411756059e+00
3.148947200000000066e+03,1.741523915114424614e+00
3.153575800000000072e+03,1.740814730780047892e+00
3.158204400000000078e+03,1.742635446286046941e+00
3.162833000000000084e+03,1.739445765156687251e+00
3.162833000000000084e+03,1.737726292807790340e+00
3.167461800000000039e+03,1.741385058864033608e+00
3.172090599999999995e+03,1.734683307653954509e+00
3.176719399999999951e+03,1.716869539351400853e+00
3.181348199999999906e+03,1.713188640480476588e+00
3.185976999999999862e+03,1.715717192140525205e+00
3.185976999999999862e+03,1.708696020761520051e+00
3.190605599999999868e+03,1.705032406112685806e+00
3.195234199999999873e+03,1.698650186695346509e+00
3.199862799999999879e+03,1.687557999334348802e+00
3.204491399999999885e+03,1.685265663432780725e+00
3.209119999999999891e+03,1.686079442629823344e+00
3.209119999999999891e+03,1.677966355928729003e+00
3.213748599999999897e+03,1.673850876474197502e+00
3.218377199999999903e+03,1.672309481009579546e+00
3.223005799999999908e+03,1.662852832288270966e+00
3.227634399999999914e+03,1.661560280927007138e+00
3.232262999999999920e+03,1.661965856821317589e+00
3.232262999999999920e+03,1.659163941009681009e+00
3.236891599999999926e+03,1.657033162185442610e+00
3.241520199999999932e+03,1.655758793248791161e+00
3.246148799999999937e+03,1.654481937231212285e+00
3.250777399999999943e+03,1.657436952851162326e+00
3.255405999999999949e+03,1.660381986910958840e+00
3.255405999999999949e+03,1.653506764509623306e+00
3.260034599999999955e+03,1.647450793684066772e+00
3.264663199999999961e+03,1.645154717652620224e+00
3.269291799999999967e+03,1.642699501524596872e+00
3.273920399999999972e+03,1.644469192636582644e+00
3.278548999999999978e+03,1.644860199295883341e+00
3.278548999999999978e+03,1.637603966765980301e+00
3.283177599999999984e+03,1.637763674046402329e+00
3.287806199999999990e+03,1.647971933960784785e+00
3.292434799999999996e+03,1.653459432562600862e+00
3.297063400000000001e+03,1.654493772745280644e+00
3.301692000000000007e+03,1.643809393585482725e+00
3.301692000000000007e+03,1.636210484190726344e+00
3.306320600000000013e+03,1.639422894848546308e+00
3.310949200000000019e+03,1.640320453573910431e+00
3.315577800000000025e+03,1.636428090152086678e+00
3.320206400000000031e+03,1.628433237635729336e+00
3.324835000000000036e+03,1.626959443172671493e+00
3.324835000000000036e+03,1.624739105505630166e+00
3.329463600000000042e+03,1.625804222995714143e+00
3.334092200000000048e+03,1.632647827285932163e+00
3.338720800000000054e+03,1.632916317234211379e+00
3.343349400000000060e+03,1.628179824792172159e+00
3.347978000000000065e+03,1.631581957504690594e+00
3.347978000000000065e+03,1.638569852774119040e+00
3.352606600000000071e+03,1.640894120286368274e+00
3.357235200000000077e+03,1.644344381436022573e+00
3.361863800000000083e+03,1.637971317244948377e+00
3.366492400000000089e+03,1.632413713633099395e+00
3.371121000000000095e+03,1.630606311068645065e+00
3.371121000000000095e+03,1.627568734693688457e+00
3.375749600000000100e+03,1.624146625321764237e+00
3.380378200000000106e+03,1.625570419918184184e+00
3.385006800000000112e+03,1.635822531177884231e+00
3.389635400000000118e+03,1.636977225399597335e+00
3.394264000000000124e+03,1.639209214272749016e+00
3.394264000000000124e+03,1.643580572808352347e+00
3.398892600000000130e+03,1.649200531987264906e+00
3.403521200000000135e+03,1.665577587772403279e+00
3.408149800000000141e+03,1.680745396014107218e+00
3.412778400000000147e+03,1.690164319976916074e+00
3.417407000000000153e+03,1.707861203616239276e+00
3.417407000000000153e+03,1.739215943239962536e+00
3.422035600000000159e+03,1.779860965542157780e+00
3.426664200000000164e+03,1.823857812927624389e+00
3.431292800000000170e+03,1.864510188741976160e+00
3.435921400000000176e+03,1.899988398999269412e+00
3.440550000000000182e+03,1.924866657578930607e+00
3.440550000000000182e+03,1.923228672267319972e+00
3.445178600000000188e+03,1.912670144204798195e+00
3.449807200000000194e+03,1.891484391165952239e+00
3.454435800000000199e+03,1.853678795728747941e+00
3.459064400000000205e+03,1.820528732811908634e+00
3.463693000000000211e+03,1.788191324189366993e+00
3.463693000000000211e+03,1.758094972404224299e+00
3.468321600000000217e+03,1.721123485676347986e+00
3.472950200000000223e+03,1.690888751160745995e+00
3.477578799999999774e+03,1.679430106529015809e+00
3.482207399999999780e+03,1.678912402456405051e+00
3.486835999999999785e+03,1.672115093663687935e+00
3.486835999999999785e+03,1.659508888166828955e+00
3.491464599999999791e+03,1.648398456725645778e+00
3.496093199999999797e+03,1.644754405296477318e+00
3.500721799999999803e+03,1.645989211578757327e+00
3.505350399999999809e+03,1.645378924728993608e+00
3.509978999999999814e+03,1.641638124892953909e+00
3.509978999999999814e+03,1.649465152091236675e+00
3.514607799999999770e+03,1.677259633182094367e+00
3.519236599999999726e+03,1.692112194891025601e+00
3.523865400000000136e+03,1.685338962889856740e+00
3.528494200000000092e+03,1.686972116365434982e+00
3.533123000000000047e+03,1.702947083186811206e+00
3.533123000000000047e+03,1.711563003493313362e+00
3.537751600000000053e+03,1.727063149214556725e+00
3.542380200000000059e+03,1.753959509096719716e+00
3.547008800000000065e+03,1.782812020051938617e+00
3.551637400000000071e+03,1.783562015637120579e+00
3.556266000000000076e+03,1.776198012909663726e+00
3.556266000000000076e+03,1.779853801555499659e+00
3.560894600000000082e+03,1.784787889917285764e+00
3.565523200000000088e+03,1.785437664742510533e+00
3.570151800000000094e+03,1.768396143639810347e+00
3.574780400000000100e+03,1.728767567089312562e+00
3.579409000000000106e+03,1.705127938209254124e+00
3.579409000000000106e+03,1.702642942508021173e+00
3.584037600000000111e+03,1.698973268051823249e+00
3.588666200000000117e+03,1.687055368766102292e+00
3.593294800000000123e+03,1.692851267670896886e+00
3.597923400000000129e+03,1.711585368133724083e+00
3.602552000000000135e+03,1.739779182295165816e+00
3.602552000000000135e+03,1.751972560004802615e+00
3.607180600000000140e+03,1.767005692183283960e+00
3.611809200000000146e+03,1.791845537932289956e+00
3.616437800000000152e+03,1.818785679799111765e+00
3.621066400000000158e+03,1.836319629623466065e+00
3.625695000000000164e+03,1.844495232869563406e+00
3.625695000000000164e+03,1.854191771818216150e+00
3.630323600000000170e+03,1.850456248540824022e+00
3.634952200000000175e+03,1.836146470723930113e+00
3.639580800000000181e+03,1.831807896186912421e+00
3.644209400000000187e+03,1.833773800965837975e+00
3.648838000000000193e+03,1.846169895930389382e+00
3.648838000000000193e+03,1.828870585264785964e+00
3.653466600000000199e+03,1.793616719969723716e+00
3.658095200000000204e+03,1.786944365310053406e+00
3.662723800000000210e+03,1.751713771695933897e+00
3.667352400000000216e+03,1.719147989737065618e+00
3.671981000000000222e+03,1.693184495973313775e+00
3.671981000000000222e+03,1.660444838110340937e+00
3.676609600000000228e+03,1.627198766736773994e+00
3.681238200000000234e+03,1.608454343614640125e+00
3.685866799999999785e+03,1.604471682251284781e+00
3.690495399999999790e+03,1.593386721022870267e+00
3.695123999999999796e+03,1.569027597701127430e+00
3.695123999999999796e+03,1.574665714659773119e+00
3.699752599999999802e+03,1.582393789218232039e+00
3.704381199999999808e+03,1.565219465502952767e+00
3.709009799999999814e+03,1.556812587107716306e+00
3.713638399999999820e+03,1.557778966737586979e+00
3.718266999999999825e+03,1.546908556946667623e+00
3.718266999999999825e+03,1.546063188284864331e+00
3.722766999999999825e+03,1.550638036067826464e+00
3.727266999999999825e+03,1.557867156330056790e+00
3.731766999999999825e+03,1.557647837072178909e+00
3.736266999999999825e+03,1.535721012414302145e+00
3.740766999999999825e+03,1.521449650741610649e+00
3.745266999999999825e+03,1.541982120341809370e+00
3.745266999999999825e+03,1.558494834929755157e+00
3.749767166666666526e+03,1.556350801711190668e+00
3.754267333333333227e+03,1.551025274016170963e+00
3.758767499999999927e+03,1.553277863367377831e+00
3.763267666666666628e+03,1.556650030231650383e+00
3.767767833333333328e+03,1.553560564449588899e+00
3.772268000000000029e+03,1.545753836186580799e+00
3.772268000000000029e+03,1.539418589270795668e+00
3.776896600000000035e+03,1.545030498050602219e+00
3.781525200000000041e+03,1.557840077935895184e+00
3.786153800000000047e+03,1.564516901851951136e+00
3.790782400000000052e+03,1.552575167927877198e+00
3.795411000000000058e+03,1.541593962675501972e+00
3.795411000000000058e+03,1.552614383431738077e+00
3.800039600000000064e+03,1.569401173076053535e+00
3.804668200000000070e+03,1.560108299852229763e+00
3.809296800000000076e+03,1.548847279332937976e+00
3.813925400000000081e+03,1.568629462536010877e+00
3.818554000000000087e+03,1.602617281954963335e+00
3.818554000000000087e+03,1.613990483854469637e+00
3.823054000000000087e+03,1.575457775918174042e+00
3.827554000000000087e+03,1.557663814174488071e+00
3.832054000000000087e+03,1.569040769927033674e+00
3.836554000000000087e+03,1.586523757757239306e+00
3.841054000000000087e+03,1.591924639512110495e+00
3.845554000000000087e+03,1.554596399446126043e+00
3.845554000000000087e+03,1.548637007826900724e+00
3.850182600000000093e+03,1.568400207124600154e+00
3.854811200000000099e+03,1.577840693891556789e+00
3.859439800000000105e+03,1.539777583783493942e+00
3.864068400000000111e+03,1.547729344895336645e+00
3.868697000000000116e+03,1.582912940594779938e+00
3.868697000000000116e+03,1.573221327482737131e+00
3.873325600000000122e+03,1.550357743128741195e+00
3.877954200000000128e+03,1.554049053031376193e+00
3.882582800000000134e+03,1.549338471831680719e+00
3.887211400000000140e+03,1.539686253274397787e+00
3.891840000000000146e+03,1.549868428763895523e+00
3.891840000000000146e+03,1.563131995917834915e+00
3.896468600000000151e+03,1.571216440581945539e+00
3.901097200000000157e+03,1.576074578800891857e+00
3.905725800000000163e+03,1.568385344524783065e+00
3.910354400000000169e+03,1.557908857636560285e+00
3.914983000000000175e+03,1.566291753111318519e+00
3.914983000000000175e+03,1.577031761622907480e+00
3.919611600000000180e+03,1.583249900454985371e+00
3.924240200000000186e+03,1.591007202906427942e+00
3.928868800000000192e+03,1.580369786757415129e+00
3.933497400000000198e+03,1.576605669449103742e+00
3.938126000000000204e+03,1.582103524968996089e+00
3.938126000000000204e+03,1.578306537314250857e+00
3.942754600000000210e+03,1.585671931923310796e+00
3.947383200000000215e+03,1.596487027022242433e+00
3.952011799999999766e+03,1.596238960763205483e+00
3.956640399999999772e+03,1.592408165871267878e+00
3.961268999999999778e+03,1.600297720927205125e+00
3.961268999999999778e+03,1.591071223097955123e+00
3.965897599999999784e+03,1.578384465920620983e+00
3.970526199999999790e+03,1.584486773426774464e+00
3.975154799999999796e+03,1.595188242584604899e+00
3.979783399999999801e+03,1.597210669112442805e+00
3.984411999999999807e+03,1.607437038802158602e+00
3.984411999999999807e+03,1.609377024204226236e+00
3.988261148499999763e+03,1.599409398391440140e+00
3.992110297000000173e+03,1.594980878406450309e+00
3.995959445500000129e+03,1.584870014494701884e+00
3.999808594000000085e+03,1.586949443548739902e+00
