6.749919999999999618e+02,-2.140624320880314180e+00
6.788491428571428514e+02,-2.062154851670853883e+00
6.827062857142856274e+02,-2.068160328221914757e+00
6.865634285714285170e+02,-2.128385396117667305e+00
6.904205714285714066e+02,-2.128385396117667305e+00
6.942777142857142962e+02,-1.961831690882191781e+00
6.981348571428570722e+02,-1.796697563795612407e+00
7.019919999999999618e+02,-1.796528425423572273e+00
7.019919999999999618e+02,-1.796528425423572273e+00
7.064918333333332612e+02,-1.838385615624781755e+00
7.109916666666666742e+02,-1.879307287471629229e+00
7.154914999999999736e+02,-2.106197464290810117e+00
7.199913333333332730e+02,-2.224123186322036982e+00
7.244911666666666861e+02,-2.262923444106094806e+00
7.289909999999999854e+02,-2.371003386510100786e+00
7.289909999999999854e+02,-2.371003386510100786e+00
7.334909999999999854e+02,-2.042640551952641381e+00
7.379909999999999854e+02,-1.763958417829440295e+00
7.424909999999999854e+02,-1.699164862611581617e+00
7.469909999999999854e+02,-1.786485830802243102e+00
7.514909999999999854e+02,-1.843847108586484040e+00
7.559909999999999854e+02,-1.810861096502810463e+00
7.559909999999999854e+02,-1.810861096502810463e+00
7.604909999999999854e+02,-2.177177767094927496e+00
7.649909999999999854e+02,-2.254994157708847258e+00
7.694909999999999854e+02,-2.197271463254673485e+00
7.739909999999999854e+02,-2.229719176194641772e+00
7.784909999999999854e+02,-2.355969237451393195e+00
7.829909999999999854e+02,-2.379646220970887960e+00
7.829909999999999854e+02,-2.379646220970887960e+00
7.874909999999999854e+02,-2.468147209847163293e+00
7.919909999999999854e+02,-2.366998239816792360e+00
7.964909999999999854e+02,-2.372171167615482634e+00
8.009909999999999854e+02,-2.443451896996441608e+00
8.054909999999999854e+02,-2.682629159226211701e+00
8.099909999999999854e+02,-2.846703984077484595e+00
8.099909999999999854e+02,-2.846703984077484595e+00
8.144909999999999854e+02,-2.756895571446471571e+00
8.189909999999999854e+02,-2.722232263302219568e+00
8.234909999999999854e+02,-2.683378529134238466e+00
8.279909999999999854e+02,-2.582508385265975814e+00
8.324909999999999854e+02,-2.449771974002466379e+00
8.369909999999999854e+02,-2.420084898745043844e+00
8.369909999999999854e+02,-2.420084898745043844e+00
8.408481428571428751e+02,-2.748912397743419778e+00
8.447052857142856510e+02,-2.680752208582592555e+00
8.485624285714285406e+02,-2.618994328128458005e+00
8.524195714285714303e+02,-2.618994328128458005e+00
8.562767142857143199e+02,-2.628028304962179096e+00
8.601338571428570958e+02,-2.473011944872344881e+00
8.639909999999999854e+02,-2.367827530626096522e+00
8.639909999999999854e+02,-2.367827530626096522e+00
8.684908333333332848e+02,-2.395132324743656227e+00
8.729906666666666979e+02,-2.427196272541260136e+00
8.774904999999999973e+02,-2.434632786542684890e+00
8.819903333333332967e+02,-2.417157944112995782e+00
8.864901666666667097e+02,-2.285707118733495413e+00
8.909900000000000091e+02,-2.278400676925967705e+00
8.909900000000000091e+02,-2.278400676925967705e+00
8.956186000000000149e+02,-2.572616194615174656e+00
9.002472000000000207e+02,-2.456550625123480991e+00
9.048758000000000266e+02,-2.430413318118952670e+00
9.095044000000000324e+02,-2.398650442891933743e+00
9.141330000000000382e+02,-2.227027714243621670e+00
9.141330000000000382e+02,-2.227027714243621670e+00
9.186330000000000382e+02,-2.140894142258744193e+00
9.231330000000000382e+02,-2.176996509116282397e+00
9.276330000000000382e+02,-2.197934567053031252e+00
9.321330000000000382e+02,-2.204470249867664933e+00
9.366330000000000382e+02,-2.103684683859966764e+00
9.411330000000000382e+02,-1.953665551555062052e+00
9.411330000000000382e+02,-1.953665551555062052e+00
9.456330000000000382e+02,-1.848593860535060918e+00
9.501330000000000382e+02,-1.693037037267071776e+00
9.546330000000000382e+02,-1.690672827630531172e+00
9.591330000000000382e+02,-1.620036584726131101e+00
9.636330000000000382e+02,-1.579996330830993001e+00
9.681330000000000382e+02,-1.581557911379026127e+00
9.681330000000000382e+02,-1.581557911379026127e+00
9.727613999999999805e+02,-1.564276812249540072e+00
9.773898000000000366e+02,-1.682322268156523526e+00
9.820181999999999789e+02,-1.726581951218719047e+00
9.866466000000000349e+02,-1.769105433028526742e+00
9.912749999999999773e+02,-1.844828740748087226e+00
9.912749999999999773e+02,-1.844828740748087226e+00
9.957749999999999773e+02,-1.954926076982528294e+00
1.000274999999999977e+03,-1.979032503971738244e+00
1.004774999999999977e+03,-1.946473934388947669e+00
1.009274999999999977e+03,-2.003674411395627075e+00
1.013774999999999977e+03,-1.954155210553043309e+00
1.018274999999999977e+03,-2.043047464264997171e+00
1.018274999999999977e+03,-2.043047464264997171e+00
1.022774999999999977e+03,-2.276911384412841688e+00
1.027275000000000091e+03,-2.220491119384297996e+00
1.031775000000000091e+03,-2.047340300859146200e+00
1.036275000000000091e+03,-1.877121329146849371e+00
1.040775000000000091e+03,-1.715982769688518594e+00
1.045275000000000091e+03,-1.686292587786720532e+00
1.045275000000000091e+03,-1.686292587786720532e+00
1.049903400000000147e+03,-1.796959474891621111e+00
1.054531799999999976e+03,-1.888800628859466757e+00
1.059160200000000032e+03,-1.775057803541190582e+00
1.063788599999999860e+03,-1.687373416988101171e+00
1.068416999999999916e+03,-1.626989221903842875e+00
1.068416999999999916e+03,-1.626989221903842875e+00
1.073045399999999972e+03,-1.466401995789758939e+00
1.077673800000000028e+03,-1.341105670465705835e+00
1.082302199999999857e+03,-1.516278446769300237e+00
1.086930599999999913e+03,-1.733029271784400471e+00
1.091558999999999969e+03,-1.875167977730964664e+00
1.091558999999999969e+03,-1.875167977730964664e+00
1.096187599999999975e+03,-1.835735052623365560e+00
1.100816199999999981e+03,-1.736043033769232968e+00
1.105444799999999987e+03,-1.770589273357029425e+00
1.110073399999999992e+03,-1.648957211873077089e+00
1.114701999999999998e+03,-1.537696936010014559e+00
1.114701999999999998e+03,-1.537696936010014559e+00
1.119330400000000054e+03,-1.450330853027387512e+00
1.123958800000000110e+03,-1.349873007015947479e+00
1.128587199999999939e+03,-1.369619951459733365e+00
1.133215599999999995e+03,-1.320828243904586863e+00
1.137844000000000051e+03,-1.325699388498418063e+00
1.137844000000000051e+03,-1.325699388498418063e+00
1.142472400000000107e+03,-1.299121140673819008e+00
1.147100800000000163e+03,-1.363265223715349084e+00
1.151729199999999992e+03,-1.532024549811973335e+00
1.156357600000000048e+03,-1.542328890435801902e+00
1.160986000000000104e+03,-1.589061600750172776e+00
1.160986000000000104e+03,-1.589061600750172776e+00
1.165614600000000110e+03,-1.734010602630247977e+00
1.170243200000000115e+03,-1.916759217390327397e+00
1.174871799999999894e+03,-1.849787905133879917e+00
1.179500399999999900e+03,-1.785712593897033740e+00
1.184128999999999905e+03,-1.673550865126419707e+00
1.184128999999999905e+03,-1.673550865126419707e+00
1.188757399999999961e+03,-1.582116011749636897e+00
1.193385800000000017e+03,-1.511336676221331388e+00
1.198014199999999846e+03,-1.405169309709960901e+00
1.202642599999999902e+03,-1.699157531448503011e+00
1.207270999999999958e+03,-1.910335129814645150e+00
1.207270999999999958e+03,-1.910335129814645150e+00
1.211899400000000014e+03,-1.945655287209987927e+00
1.216527800000000070e+03,-1.977850861777177061e+00
1.221156199999999899e+03,-1.763323376923351837e+00
1.225784599999999955e+03,-1.505745407907900901e+00
1.230413000000000011e+03,-1.406798878084996485e+00
1.230413000000000011e+03,-1.406798878084996485e+00
1.235041600000000017e+03,-1.444806477139855883e+00
1.239670200000000023e+03,-1.464283729693895753e+00
1.244298800000000028e+03,-1.548061438245884602e+00
1.248927400000000034e+03,-1.640169248722262552e+00
1.253556000000000040e+03,-1.736840929202515316e+00
1.253556000000000040e+03,-1.736840929202515316e+00
1.258184400000000096e+03,-1.981354482266432626e+00
1.262812800000000152e+03,-2.339471937444180583e+00
1.267441199999999981e+03,-2.530897793099225801e+00
1.272069600000000037e+03,-2.204358314697715482e+00
1.276698000000000093e+03,-2.079583808816122925e+00
1.276698000000000093e+03,-2.079583808816122925e+00
1.281197833333333392e+03,-1.957167788986463375e+00
1.285697666666666692e+03,-1.931341603652662497e+00
1.290197499999999991e+03,-1.939423832310017026e+00
1.294697333333333290e+03,-1.850417087894600021e+00
1.299197166666666590e+03,-1.754658263564969900e+00
1.303696999999999889e+03,-1.786083582612661536e+00
1.303696999999999889e+03,-1.786083582612661536e+00
1.308196999999999889e+03,-1.792406634658696873e+00
1.312696999999999889e+03,-1.818772999907246612e+00
1.317196999999999889e+03,-1.871463382889319016e+00
1.321696999999999889e+03,-1.813078689743430116e+00
1.326196999999999889e+03,-1.940698649550475219e+00
1.330696999999999889e+03,-1.876868791286546712e+00
1.330696999999999889e+03,-1.876868791286546712e+00
1.335325399999999945e+03,-1.809972928357800326e+00
1.339953800000000001e+03,-1.853794951545839842e+00
1.344582199999999830e+03,-1.947029570122967401e+00
1.349210599999999886e+03,-1.978348254167947129e+00
1.353838999999999942e+03,-1.873226750130424501e+00
1.353838999999999942e+03,-1.873226750130424501e+00
1.358467399999999998e+03,-1.933290161452550171e+00
1.363095800000000054e+03,-2.113513295521316504e+00
1.367724199999999882e+03,-2.144347798101663205e+00
1.372352599999999939e+03,-1.960729070388122386e+00
1.376980999999999995e+03,-1.709934269509222116e+00
1.376980999999999995e+03,-1.709934269509222116e+00
1.381609600000000000e+03,-1.689514735135330348e+00
1.386238200000000006e+03,-1.749736862451880981e+00
1.390866800000000012e+03,-1.899659067805962831e+00
1.395495400000000018e+03,-2.048658124327402685e+00
1.400124000000000024e+03,-2.283754579390941952e+00
1.400124000000000024e+03,-2.283754579390941952e+00
1.404752400000000080e+03,-2.672958355398708630e+00
1.409380800000000136e+03,-2.622712721084030196e+00
1.414009199999999964e+03,-2.597643137566819860e+00
1.418637600000000020e+03,-2.438011874229772502e+00
1.423266000000000076e+03,-2.155286949770476301e+00
1.423266000000000076e+03,-2.155286949770476301e+00
1.427894400000000132e+03,-1.906748761263039826e+00
1.432522799999999961e+03,-1.732108218315789649e+00
1.437151200000000017e+03,-1.809597332002638836e+00
1.441779599999999846e+03,-1.871877389448251661e+00
1.446407999999999902e+03,-1.974018873968018672e+00
1.446407999999999902e+03,-1.974018873968018672e+00
1.451036599999999908e+03,-1.926730756264104505e+00
1.455665199999999913e+03,-1.797367289461767825e+00
1.460293799999999919e+03,-1.531376279545213492e+00
1.464922399999999925e+03,-1.598692404825725610e+00
1.469550999999999931e+03,-1.816986904606672448e+00
1.469550999999999931e+03,-1.816986904606672448e+00
1.474179399999999987e+03,-1.941595077814836978e+00
1.478807800000000043e+03,-1.874670053175349516e+00
1.483436199999999872e+03,-2.135800377464623701e+00
1.488064599999999928e+03,-2.318866225285653559e+00
1.492692999999999984e+03,-2.160159473153538734e+00
1.492692999999999984e+03,-2.160159473153538734e+00
1.496550142857142873e+03,-2.401014090516244703e+00
1.500407285714285763e+03,-2.612982422438606456e+00
1.504264428571428653e+03,-2.804652422396825884e+00
1.508121571428571315e+03,-2.820580163811467145e+00
1.511978714285714204e+03,-3.375439693136589536e+00
1.515835857142857094e+03,-3.431318159641254528e+00
1.519692999999999984e+03,-3.689636418121899464e+00
1.519692999999999984e+03,-3.689636418121899464e+00
1.524321400000000040e+03,-3.576334009439106953e+00
1.528949800000000096e+03,-3.380749312708400289e+00
1.533578199999999924e+03,-3.444162138864808931e+00
1.538206599999999980e+03,-3.803134720519017797e+00
1.542835000000000036e+03,-3.455602992225351944e+00
1.542835000000000036e+03,-3.455602992225351944e+00
1.547334833333333336e+03,-3.134119294063293371e+00
1.551834666666666635e+03,-3.323420910357887781e+00
1.556334499999999935e+03,-3.304679902127860558e+00
1.560834333333333461e+03,-3.248952808706162987e+00
1.565334166666666761e+03,-3.177498760106545639e+00
1.569834000000000060e+03,-3.309697481749566794e+00
1.569834000000000060e+03,-3.309697481749566794e+00
1.574462600000000066e+03,-3.208357693119108678e+00
1.579091200000000072e+03,-2.617129093383175675e+00
1.583719800000000077e+03,-2.474724301224716871e+00
1.588348400000000083e+03,-2.726693019815497276e+00
1.592977000000000089e+03,-3.009363144348141450e+00
1.592977000000000089e+03,-3.009363144348141450e+00
1.597605400000000145e+03,-3.003126749166284970e+00
1.602233799999999974e+03,-2.670628773324227101e+00
1.606862200000000030e+03,-2.837832025351126664e+00
1.611490599999999858e+03,-3.061303769829237797e+00
1.616118999999999915e+03,-3.383072372532780481e+00
1.616118999999999915e+03,-3.383072372532780481e+00
1.620747399999999971e+03,-3.369670227753889247e+00
1.625375800000000027e+03,-3.393882551142425541e+00
1.630004199999999855e+03,-3.339350211530649037e+00
1.634632599999999911e+03,-3.313739819102412998e+00
1.639260999999999967e+03,-3.308237951099386454e+00
1.639260999999999967e+03,-3.308237951099386454e+00
1.643889599999999973e+03,-3.097780715039374577e+00
1.648518199999999979e+03,-3.151306257715096759e+00
1.653146799999999985e+03,-3.234200152919961546e+00
1.657775399999999991e+03,-3.126127602191397958e+00
1.662403999999999996e+03,-3.099630613896311893e+00
1.662403999999999996e+03,-3.099630613896311893e+00
1.667032400000000052e+03,-3.088327699663001358e+00
1.671660800000000108e+03,-2.994342382232849875e+00
1.676289199999999937e+03,-2.873462089395163233e+00
1.680917599999999993e+03,-2.693722196035200245e+00
1.685546000000000049e+03,-2.646866555403121435e+00
1.685546000000000049e+03,-2.646866555403121435e+00
1.690045833333333348e+03,-2.631573040019981491e+00
1.694545666666666648e+03,-2.412586542082902685e+00
1.699045500000000175e+03,-2.346848263007674351e+00
1.703545333333333474e+03,-2.129374549990888266e+00
1.708045166666666773e+03,-1.946198374318460100e+00
1.712545000000000073e+03,-1.858176245634631130e+00
1.712545000000000073e+03,-1.858176245634631130e+00
1.717173600000000079e+03,-1.828950437217103708e+00
1.721802200000000084e+03,-1.856902819476313304e+00
1.726430800000000090e+03,-1.599709730112704342e+00
1.731059400000000096e+03,-1.611202544615136345e+00
1.735688000000000102e+03,-1.581707981272633790e+00
1.735688000000000102e+03,-1.581707981272633790e+00
1.740316400000000158e+03,-1.588239191282780238e+00
1.744944799999999987e+03,-1.573457290564509004e+00
1.749573200000000043e+03,-1.609370569501207049e+00
1.754201599999999871e+03,-1.887205256882092508e+00
1.758829999999999927e+03,-2.090731436206133331e+00
1.758829999999999927e+03,-2.090731436206133331e+00
1.763458399999999983e+03,-2.199688884197663175e+00
1.768086800000000039e+03,-2.358652066308397632e+00
1.772715199999999868e+03,-2.648015111306509795e+00
1.777343599999999924e+03,-2.818601622631188519e+00
1.781971999999999980e+03,-3.005526503984762510e+00
1.781971999999999980e+03,-3.005526503984762510e+00
1.786471999999999980e+03,-3.183445674281456750e+00
1.790971999999999980e+03,-3.408932593667684863e+00
1.795471999999999980e+03,-3.621331129028709572e+00
1.799971999999999980e+03,-3.621750757336644533e+00
1.804471999999999980e+03,-3.526045803998833161e+00
1.808971999999999980e+03,-3.448039698805260844e+00
1.808971999999999980e+03,-3.448039698805260844e+00
1.813600400000000036e+03,-3.417996015407094745e+00
1.818228800000000092e+03,-3.477698950398999678e+00
1.822857199999999921e+03,-3.569391873173051177e+00
1.827485599999999977e+03,-3.479918188326711626e+00
1.832114000000000033e+03,-3.473438162013616104e+00
1.832114000000000033e+03,-3.473438162013616104e+00
1.836742400000000089e+03,-3.431107765558252254e+00
1.841370800000000145e+03,-3.459009042075313456e+00
1.845999199999999973e+03,-3.366821507222922172e+00
1.850627600000000029e+03,-3.496769554988207407e+00
1.855256000000000085e+03,-3.485553680535759646e+00
1.855256000000000085e+03,-3.485553680535759646e+00
1.859884600000000091e+03,-3.438882860312777456e+00
1.864513200000000097e+03,-3.416341919914571701e+00
1.869141799999999876e+03,-3.421151228368485953e+00
1.873770399999999881e+03,-3.501390578025037836e+00
1.878398999999999887e+03,-3.509533652330391273e+00
1.878398999999999887e+03,-3.509533652330391273e+00
1.883027399999999943e+03,-3.581659898871153658e+00
1.887655799999999999e+03,-3.661757702691590399e+00
1.892284199999999828e+03,-3.596382510709851488e+00
1.896912599999999884e+03,-3.566409274066377311e+00
1.901540999999999940e+03,-3.599090454676642459e+00
1.901540999999999940e+03,-3.599090454676642459e+00
1.906169399999999996e+03,-3.590410386391370778e+00
1.910797800000000052e+03,-3.560848907587362167e+00
1.915426199999999881e+03,-3.548854672319166514e+00
1.920054599999999937e+03,-3.487842160472050423e+00
1.924682999999999993e+03,-3.545457602000580355e+00
1.924682999999999993e+03,-3.545457602000580355e+00
1.929311599999999999e+03,-3.559423865982348723e+00
1.933940200000000004e+03,-3.599229513355494792e+00
1.938568800000000010e+03,-3.615173549825992261e+00
1.943197400000000016e+03,-3.424896710025318036e+00
1.947826000000000022e+03,-3.419410738161150043e+00
1.947826000000000022e+03,-3.419410738161150043e+00
1.952454400000000078e+03,-3.575116208930786410e+00
1.957082800000000134e+03,-3.557855406483421579e+00
1.961711199999999963e+03,-3.592943927027266504e+00
1.966339600000000019e+03,-3.570987647295079004e+00
1.970968000000000075e+03,-3.535514438011883254e+00
1.970968000000000075e+03,-3.535514438011883254e+00
1.975596400000000131e+03,-3.557867417257145615e+00
1.980224799999999959e+03,-3.562331888290461102e+00
1.984853200000000015e+03,-3.571321473413700431e+00
1.989481599999999844e+03,-3.470700166514863572e+00
1.994109999999999900e+03,-3.497026312243036728e+00
1.994109999999999900e+03,-3.497026312243036728e+00
1.998738599999999906e+03,-3.526134296013813341e+00
2.003367199999999912e+03,-3.543929289522925075e+00
2.007995799999999917e+03,-3.590264317076475198e+00
2.012624399999999923e+03,-3.544358998348925205e+00
2.017252999999999929e+03,-3.540125857833750445e+00
2.017252999999999929e+03,-3.540125857833750445e+00
2.021881399999999985e+03,-3.535517735380262483e+00
2.026509800000000041e+03,-3.528142751870230409e+00
2.031138199999999870e+03,-3.568370294317217528e+00
2.035766599999999926e+03,-3.612831402287704385e+00
2.040394999999999982e+03,-3.652647571679425997e+00
2.040394999999999982e+03,-3.652647571679425997e+00
2.045023599999999988e+03,-3.665481675698798458e+00
2.049652199999999993e+03,-3.654584694346517892e+00
2.054280799999999999e+03,-3.563257211316144701e+00
2.058909400000000005e+03,-3.578430588230055776e+00
2.063538000000000011e+03,-3.635202223502665309e+00
2.063538000000000011e+03,-3.635202223502665309e+00
2.068166600000000017e+03,-3.642172053172711976e+00
2.072795200000000023e+03,-3.600223107886761476e+00
2.077423800000000028e+03,-3.646692000491892571e+00
2.082052400000000034e+03,-3.621358971100907986e+00
2.086681000000000040e+03,-3.572465795074126760e+00
2.086681000000000040e+03,-3.572465795074126760e+00
2.091309600000000046e+03,-3.607512825227883191e+00
2.095938200000000052e+03,-3.628955085093673816e+00
2.100566800000000057e+03,-3.527179530728407286e+00
2.105195400000000063e+03,-3.482443821400697637e+00
2.109824000000000069e+03,-3.483265761027268148e+00
2.109824000000000069e+03,-3.483265761027268148e+00
2.114452600000000075e+03,-3.502493151792180459e+00
2.119081200000000081e+03,-3.624047701286965850e+00
2.123709800000000087e+03,-3.632730747614426825e+00
2.128338400000000092e+03,-3.579823133912067412e+00
2.132967000000000098e+03,-3.587821417528154200e+00
2.132967000000000098e+03,-3.587821417528154200e+00
2.137595600000000104e+03,-3.609153532696860900e+00
2.142224200000000110e+03,-3.612257535738622405e+00
2.146852800000000116e+03,-3.612015844219125693e+00
2.151481400000000122e+03,-3.545676453242307513e+00
2.156110000000000127e+03,-3.599784272863930656e+00
2.156110000000000127e+03,-3.599784272863930656e+00
2.160738600000000133e+03,-3.615200949054381052e+00
2.165367200000000139e+03,-3.608441336775277009e+00
2.169995800000000145e+03,-3.617947225958388024e+00
2.174624400000000151e+03,-3.459705151626329300e+00
2.179253000000000156e+03,-3.510704511532050098e+00
2.179253000000000156e+03,-3.510704511532050098e+00
2.183881600000000162e+03,-3.614374458929897393e+00
2.188510200000000168e+03,-3.653949638457929083e+00
2.193138800000000174e+03,-3.596498795326890097e+00
2.197767400000000180e+03,-3.488753523566235248e+00
2.202396000000000186e+03,-3.509439768710719498e+00
2.202396000000000186e+03,-3.509439768710719498e+00
2.207024600000000191e+03,-3.569438262544233353e+00
2.211653200000000197e+03,-3.583907874719201470e+00
2.216281800000000203e+03,-3.599817595643060475e+00
2.220910400000000209e+03,-3.603505370433443211e+00
2.225539000000000215e+03,-3.573689768671658218e+00
2.225539000000000215e+03,-3.573689768671658218e+00
2.230167600000000220e+03,-3.518154742802996449e+00
2.234796200000000226e+03,-3.494986633586497859e+00
2.239424799999999777e+03,-3.488770653154931622e+00
2.244053399999999783e+03,-3.552534444960842031e+00
2.248681999999999789e+03,-3.564368318067069108e+00
2.248681999999999789e+03,-3.564368318067069108e+00
2.253310599999999795e+03,-3.520081078084635884e+00
2.257939199999999801e+03,-3.500153344172987513e+00
2.262567799999999806e+03,-3.427314040008847762e+00
2.267196399999999812e+03,-3.491008529610966526e+00
2.271824999999999818e+03,-3.533372819496487072e+00
2.271824999999999818e+03,-3.533372819496487072e+00
2.276453799999999774e+03,-3.564224521294594883e+00
2.281082599999999729e+03,-3.511292510598488015e+00
2.285711400000000140e+03,-3.581137968167540375e+00
2.290340200000000095e+03,-3.632824215513275501e+00
2.294969000000000051e+03,-3.608362116327997526e+00
2.294969000000000051e+03,-3.608362116327997526e+00
2.299597600000000057e+03,-3.639036507862243308e+00
2.304226200000000063e+03,-3.655198371476397590e+00
2.308854800000000068e+03,-3.497345902604950041e+00
2.313483400000000074e+03,-3.665715960444975607e+00
2.318112000000000080e+03,-3.631535475041375527e+00
2.318112000000000080e+03,-3.631535475041375527e+00
2.322612000000000080e+03,-3.536956790697332487e+00
2.327112000000000080e+03,-3.732475430716212905e+00
2.331612000000000080e+03,-3.841293977753295952e+00
2.336112000000000080e+03,-3.585127708981673766e+00
2.340612000000000080e+03,-3.251839596791608056e+00
2.345112000000000080e+03,-3.023751219846660732e+00
2.345112000000000080e+03,-3.023751219846660732e+00
2.349740600000000086e+03,-3.245251299838382675e+00
2.354369200000000092e+03,-3.453076005605527410e+00
2.358997800000000097e+03,-3.419491154686445267e+00
2.363626400000000103e+03,-3.527201349452071089e+00
2.368255000000000109e+03,-3.106903371373480383e+00
2.368255000000000109e+03,-3.106903371373480383e+00
2.372755000000000109e+03,-2.965204479030673745e+00
2.377255000000000109e+03,-2.965277935194420955e+00
2.381755000000000109e+03,-3.438031491670793915e+00
2.386255000000000109e+03,-3.498725271304822027e+00
2.390755000000000109e+03,-3.498475001799210560e+00
2.395255000000000109e+03,-3.391190404654597312e+00
2.395255000000000109e+03,-3.391190404654597312e+00
2.399883600000000115e+03,-3.327289032539921365e+00
2.404512200000000121e+03,-3.313580924241350090e+00
2.409140800000000127e+03,-3.335076193774918707e+00
2.413769400000000132e+03,-3.410277622477376536e+00
2.418398000000000138e+03,-3.401944977910085210e+00
2.418398000000000138e+03,-3.401944977910085210e+00
2.423026600000000144e+03,-3.433061515695952082e+00
2.427655200000000150e+03,-3.471708645756412803e+00
2.432283800000000156e+03,-3.472151133442117121e+00
2.436912400000000162e+03,-3.456347231610431336e+00
2.441541000000000167e+03,-3.512414196789772625e+00
2.441541000000000167e+03,-3.512414196789772625e+00
2.446169600000000173e+03,-3.527280023458130298e+00
2.450798200000000179e+03,-3.467092498453689942e+00
2.455426800000000185e+03,-3.476281063848198460e+00
2.460055400000000191e+03,-3.503398158655457451e+00
2.464684000000000196e+03,-3.449423058238719531e+00
2.464684000000000196e+03,-3.449423058238719531e+00
2.469312600000000202e+03,-3.450363182917092875e+00
2.473941200000000208e+03,-3.444340265560914105e+00
2.478569800000000214e+03,-3.476552055489920523e+00
2.483198400000000220e+03,-3.543105198698775826e+00
2.487827000000000226e+03,-3.398125853050659284e+00
2.487827000000000226e+03,-3.398125853050659284e+00
2.492455600000000231e+03,-3.422901087179214485e+00
2.497084200000000237e+03,-3.526590701162348296e+00
2.501712799999999788e+03,-3.549470205681794610e+00
2.506341399999999794e+03,-3.534468533411777802e+00
2.510969999999999800e+03,-3.518390698361199220e+00
2.510969999999999800e+03,-3.518390698361199220e+00
2.515598799999999756e+03,-3.411680942302159902e+00
2.520227599999999711e+03,-3.458400178857101714e+00
2.524856400000000122e+03,-3.525320598383358206e+00
2.529485200000000077e+03,-3.384243145960560639e+00
2.534114000000000033e+03,-3.292912073015866969e+00
2.534114000000000033e+03,-3.292912073015866969e+00
2.538742600000000039e+03,-3.449544744508674210e+00
2.543371200000000044e+03,-3.415217367699410200e+00
2.547999800000000050e+03,-3.392393999440449726e+00
2.552628400000000056e+03,-3.430442149350687142e+00
2.557257000000000062e+03,-3.423838359786482766e+00
2.557257000000000062e+03,-3.423838359786482766e+00
2.561885600000000068e+03,-3.294847877688951598e+00
2.566514200000000073e+03,-3.313945238348475542e+00
2.571142800000000079e+03,-3.360172334562684160e+00
2.575771400000000085e+03,-3.342068901793173286e+00
2.580400000000000091e+03,-3.302449661486189125e+00
2.580400000000000091e+03,-3.302449661486189125e+00
2.585028600000000097e+03,-3.346935532497001820e+00
2.589657200000000103e+03,-3.354156777445052029e+00
2.594285800000000108e+03,-3.387325520783625699e+00
2.598914400000000114e+03,-3.529742438631087609e+00
2.603543000000000120e+03,-3.516555603849579992e+00
2.603543000000000120e+03,-3.516555603849579992e+00
2.608171600000000126e+03,-3.389251214861134454e+00
2.612800200000000132e+03,-3.320255263677986513e+00
2.617428800000000138e+03,-3.324919940292512699e+00
2.622057400000000143e+03,-3.289284473753073978e+00
2.626686000000000149e+03,-3.265626047500237217e+00
2.626686000000000149e+03,-3.265626047500237217e+00
2.631314600000000155e+03,-3.314206098288075886e+00
2.635943200000000161e+03,-3.340170165498202337e+00
2.640571800000000167e+03,-3.312348821426188916e+00
2.645200400000000172e+03,-3.286549294665547905e+00
2.649829000000000178e+03,-3.310464576656855673e+00
2.649829000000000178e+03,-3.310464576656855673e+00
2.654457600000000184e+03,-3.348722355739225609e+00
2.659086200000000190e+03,-3.377182920296069923e+00
2.663714800000000196e+03,-3.294970292563966563e+00
2.668343400000000202e+03,-3.352181459026439825e+00
2.672972000000000207e+03,-3.375663789092639977e+00
2.672972000000000207e+03,-3.375663789092639977e+00
2.677600600000000213e+03,-3.338864167172586495e+00
2.682229200000000219e+03,-3.205871005472468838e+00
2.686857799999999770e+03,-3.304372337968336737e+00
2.691486399999999776e+03,-3.229993673284125233e+00
2.696114999999999782e+03,-3.288627800261100020e+00
2.696114999999999782e+03,-3.288627800261100020e+00
2.700743599999999788e+03,-3.327326962829517232e+00
2.705372199999999793e+03,-3.287447124035059343e+00
2.710000799999999799e+03,-3.236537064787807783e+00
2.714629399999999805e+03,-3.150359487549056148e+00
2.719257999999999811e+03,-3.169036027523020049e+00
2.719257999999999811e+03,-3.169036027523020049e+00
2.723886599999999817e+03,-3.268903661140105221e+00
2.728515199999999822e+03,-3.234008150502608814e+00
2.733143799999999828e+03,-3.128020816403598303e+00
2.737772399999999834e+03,-3.069114327060315617e+00
2.742400999999999840e+03,-3.277509991460306082e+00
2.742400999999999840e+03,-3.277509991460306082e+00
2.747029599999999846e+03,-3.349996874688199178e+00
2.751658199999999852e+03,-3.336649589342975286e+00
2.756286799999999857e+03,-3.333273625647245275e+00
2.760915399999999863e+03,-3.323723133983734979e+00
2.765543999999999869e+03,-3.243291253309092514e+00
2.765543999999999869e+03,-3.243291253309092514e+00
2.770172599999999875e+03,-3.241927565612103379e+00
2.774801199999999881e+03,-3.152186046407362330e+00
2.779429799999999886e+03,-3.136779919584323117e+00
2.784058399999999892e+03,-3.150315441096825264e+00
2.788686999999999898e+03,-3.182075478747456110e+00
2.788686999999999898e+03,-3.182075478747456110e+00
2.793315599999999904e+03,-3.163615162164690187e+00
2.797944199999999910e+03,-2.880745630951020875e+00
2.802572799999999916e+03,-2.834448742279548128e+00
2.807201399999999921e+03,-2.893188008865684058e+00
2.811829999999999927e+03,-2.767661164670912388e+00
2.811829999999999927e+03,-2.767661164670912388e+00
2.816458599999999933e+03,-2.628037824943641354e+00
2.821087199999999939e+03,-2.594322146683782471e+00
2.825715799999999945e+03,-2.703469571152314010e+00
2.830344399999999951e+03,-2.446567759615236870e+00
2.834972999999999956e+03,-2.316759512250119890e+00
2.834972999999999956e+03,-2.316759512250119890e+00
2.839601599999999962e+03,-2.336143556159340218e+00
2.844230199999999968e+03,-2.261620772798860646e+00
2.848858799999999974e+03,-1.924859890992368872e+00
2.853487399999999980e+03,-1.814927646344979051e+00
2.858115999999999985e+03,-1.725682502656801010e+00
2.858115999999999985e+03,-1.725682502656801010e+00
2.862744799999999941e+03,-1.695926384977652246e+00
2.867373599999999897e+03,-1.744810435198846932e+00
2.872002400000000307e+03,-1.728632258368013153e+00
2.876631200000000263e+03,-1.668783590377031167e+00
2.881260000000000218e+03,-1.691816893268291100e+00
2.881260000000000218e+03,-1.691816893268291100e+00
2.885888600000000224e+03,-1.733087031720839111e+00
2.890517200000000230e+03,-1.774816838196747959e+00
2.895145799999999781e+03,-1.776328996969236851e+00
2.899774399999999787e+03,-1.711675970192216623e+00
2.904402999999999793e+03,-1.616618623166836910e+00
2.904402999999999793e+03,-1.616618623166836910e+00
2.909031599999999798e+03,-1.589498392869298504e+00
2.913660199999999804e+03,-1.629642659236193003e+00
2.918288799999999810e+03,-1.598442311014178108e+00
2.922917399999999816e+03,-1.558900402111309980e+00
2.927545999999999822e+03,-1.571904149716521593e+00
2.927545999999999822e+03,-1.571904149716521593e+00
2.932174599999999828e+03,-1.585604744404276456e+00
2.936803199999999833e+03,-1.528616904687753575e+00
2.941431799999999839e+03,-1.530984699123330461e+00
2.946060399999999845e+03,-1.517258549437814352e+00
2.950688999999999851e+03,-1.492061764415685277e+00
2.950688999999999851e+03,-1.492061764415685277e+00
2.955317599999999857e+03,-1.535905721581070305e+00
2.959946199999999862e+03,-1.505215343302184650e+00
2.964574799999999868e+03,-1.519740777617653027e+00
2.969203399999999874e+03,-1.608535292000323524e+00
2.973831999999999880e+03,-1.618919025861537353e+00
2.973831999999999880e+03,-1.618919025861537353e+00
2.978460599999999886e+03,-1.639538976049905727e+00
2.983089199999999892e+03,-1.777707051669246585e+00
2.987717799999999897e+03,-1.872767881487548136e+00
2.992346399999999903e+03,-2.043920189036916302e+00
2.996974999999999909e+03,-2.224183271635549186e+00
2.996974999999999909e+03,-2.224183271635549186e+00
3.001603599999999915e+03,-2.287014109351898750e+00
3.006232199999999921e+03,-2.414205783934932903e+00
3.010860799999999927e+03,-2.668191997706915508e+00
3.015489399999999932e+03,-2.784772742189270733e+00
3.020117999999999938e+03,-2.957506800171687988e+00
3.020117999999999938e+03,-2.957506800171687988e+00
3.024617999999999938e+03,-3.025998070314295241e+00
3.029117999999999938e+03,-3.067652807211757260e+00
3.033617999999999938e+03,-3.138223381212855490e+00
3.038117999999999938e+03,-3.064165597486891990e+00
3.042617999999999938e+03,-3.027039867502299586e+00
3.047117999999999938e+03,-3.109064634102082003e+00
3.047117999999999938e+03,-3.109064634102082003e+00
3.051746599999999944e+03,-3.143158476622499364e+00
3.056375199999999950e+03,-3.103035486123009168e+00
3.061003799999999956e+03,-3.075055360747290134e+00
3.065632399999999961e+03,-3.047922801653878633e+00
3.070260999999999967e+03,-3.036527635256086377e+00
3.070260999999999967e+03,-3.036527635256086377e+00
3.074889599999999973e+03,-2.987408154966387119e+00
3.079518199999999979e+03,-2.968591089049763987e+00
3.084146799999999985e+03,-2.989980345924751148e+00
3.088775399999999991e+03,-3.142063313475873976e+00
3.093403999999999996e+03,-3.362264142735432948e+00
3.093403999999999996e+03,-3.362264142735432948e+00
3.098032600000000002e+03,-3.322301443390367481e+00
3.102661200000000008e+03,-3.392769979319976148e+00
3.107289800000000014e+03,-3.461465595551800778e+00
3.111918400000000020e+03,-3.388717347938083435e+00
3.116547000000000025e+03,-3.316997634793623639e+00
3.116547000000000025e+03,-3.316997634793623639e+00
3.121175600000000031e+03,-3.399052589320855411e+00
3.125804200000000037e+03,-3.541422722676528689e+00
3.130432800000000043e+03,-3.454432376049296316e+00
3.135061400000000049e+03,-3.353315701240047186e+00
3.139690000000000055e+03,-3.274705712159859949e+00
3.139690000000000055e+03,-3.274705712159859949e+00
3.144318600000000060e+03,-3.302981087603391597e+00
3.148947200000000066e+03,-3.466997367426064347e+00
3.153575800000000072e+03,-3.556187422961816225e+00
3.158204400000000078e+03,-3.403103772008748695e+00
3.162833000000000084e+03,-3.320456141617532886e+00
3.162833000000000084e+03,-3.320456141617532886e+00
3.167461800000000039e+03,-3.513745615849983572e+00
3.172090599999999995e+03,-3.576564052852247322e+00
3.176719399999999951e+03,-3.337145068654737035e+00
3.181348199999999906e+03,-3.364732886619576480e+00
3.185976999999999862e+03,-3.492662364519847795e+00
3.185976999999999862e+03,-3.492662364519847795e+00
3.190605599999999868e+03,-3.555433825600760489e+00
3.195234199999999873e+03,-3.461708468372655556e+00
3.199862799999999879e+03,-3.401252937337377880e+00
3.204491399999999885e+03,-3.468631799503787416e+00
3.209119999999999891e+03,-3.516601852434548814e+00
3.209119999999999891e+03,-3.516601852434548814e+00
3.213619999999999891e+03,-3.459577352700903941e+00
3.218119999999999891e+03,-3.442173260006550883e+00
3.222619999999999891e+03,-3.505173893319991407e+00
3.227119999999999891e+03,-3.502476707379948095e+00
3.231619999999999891e+03,-3.415511102928692644e+00
3.236119999999999891e+03,-3.421823164796683248e+00
3.236119999999999891e+03,-3.421823164796683248e+00
3.240619999999999891e+03,-3.500243087320407565e+00
3.245119999999999891e+03,-3.543914305542981591e+00
3.249619999999999891e+03,-3.683713727775113522e+00
3.254119999999999891e+03,-3.450847985209006819e+00
3.258619999999999891e+03,-3.495597916124130400e+00
3.263119999999999891e+03,-3.396565857620679640e+00
3.263119999999999891e+03,-3.396565857620679640e+00
3.267748599999999897e+03,-3.314237370628515311e+00
3.272377199999999903e+03,-3.369660889427309680e+00
3.277005799999999908e+03,-3.502780849592582957e+00
3.281634399999999914e+03,-3.475894054499741870e+00
3.286262999999999920e+03,-3.461819572263058920e+00
3.286262999999999920e+03,-3.461819572263058920e+00
3.290762999999999920e+03,-3.439457164712079518e+00
3.295262999999999920e+03,-3.553954004144978196e+00
3.299762999999999920e+03,-3.587900836453680853e+00
3.304262999999999920e+03,-3.561517889481831123e+00
3.308762999999999920e+03,-3.481386291555423895e+00
3.313262999999999920e+03,-3.480729189921288214e+00
3.313262999999999920e+03,-3.480729189921288214e+00
3.317891599999999926e+03,-3.536224588242919520e+00
3.322520199999999932e+03,-3.644485157618640336e+00
3.327148799999999937e+03,-3.716768133941186658e+00
3.331777399999999943e+03,-3.651782474427530900e+00
3.336405999999999949e+03,-3.656383119924059955e+00
3.336405999999999949e+03,-3.656383119924059955e+00
3.340906166666666650e+03,-3.687970674470175680e+00
3.345406333333333350e+03,-3.548902830794184116e+00
3.349906500000000051e+03,-3.478110731394382427e+00
3.354406666666666752e+03,-3.531947069834004083e+00
3.358906833333333452e+03,-3.527161183559086588e+00
3.363407000000000153e+03,-3.503788249815384059e+00
3.363407000000000153e+03,-3.503788249815384059e+00
3.367907000000000153e+03,-3.561020093909563311e+00
3.372407000000000153e+03,-3.593967542238219792e+00
3.376907000000000153e+03,-3.577268658169357352e+00
3.381407000000000153e+03,-3.500339590861854422e+00
3.385907000000000153e+03,-3.428520133521195223e+00
3.390407000000000153e+03,-3.415659360825141544e+00
3.390407000000000153e+03,-3.415659360825141544e+00
3.395035600000000159e+03,-3.533075869472072306e+00
3.399664200000000164e+03,-3.397020641973750088e+00
3.404292800000000170e+03,-3.349698489438865057e+00
3.408921400000000176e+03,-3.376574252084390881e+00
3.413550000000000182e+03,-3.413442229172971132e+00
3.413550000000000182e+03,-3.413442229172971132e+00
3.418178600000000188e+03,-3.551345574123415449e+00
3.422807200000000194e+03,-3.653620881286422595e+00
3.427435800000000199e+03,-3.641725568712287142e+00
3.432064400000000205e+03,-3.500321791931743309e+00
3.436693000000000211e+03,-3.380875757194473419e+00
3.436693000000000211e+03,-3.380875757194473419e+00
3.441321600000000217e+03,-3.390430711667498542e+00
3.445950200000000223e+03,-3.288599585640612055e+00
3.450578799999999774e+03,-3.374469920427143332e+00
3.455207399999999780e+03,-3.366884527393576132e+00
3.459835999999999785e+03,-3.379430820391779999e+00
3.459835999999999785e+03,-3.379430820391779999e+00
3.464335999999999785e+03,-3.406250951431203156e+00
3.468835999999999785e+03,-3.551998661357284259e+00
3.473335999999999785e+03,-3.654794662090254942e+00
3.477835999999999785e+03,-3.636056459416068254e+00
3.482335999999999785e+03,-3.678090622893938733e+00
3.486835999999999785e+03,-3.676313609745430533e+00
3.486835999999999785e+03,-3.676313609745430533e+00
3.491336166666666486e+03,-3.606813289055275984e+00
3.495836333333333187e+03,-3.642531996992892651e+00
3.500336499999999887e+03,-3.695687310989845376e+00
3.504836666666666588e+03,-3.606367477786665443e+00
3.509336833333333288e+03,-3.541523406725875844e+00
3.513836999999999989e+03,-3.585712422769371965e+00
3.513836999999999989e+03,-3.585712422769371965e+00
3.518465599999999995e+03,-3.544875208268956079e+00
3.523094200000000001e+03,-3.413817484540014657e+00
3.527722800000000007e+03,-3.628017677274747665e+00
3.532351400000000012e+03,-3.670441260260349114e+00
3.536980000000000018e+03,-3.533080297702122508e+00
3.536980000000000018e+03,-3.533080297702122508e+00
3.541608600000000024e+03,-3.506909630179960935e+00
3.546237200000000030e+03,-3.586557072992861972e+00
3.550865800000000036e+03,-3.475424139006828561e+00
3.555494400000000041e+03,-3.535756956416968855e+00
3.560123000000000047e+03,-3.731781916274068855e+00
3.560123000000000047e+03,-3.731781916274068855e+00
3.564623000000000047e+03,-3.770007571990054984e+00
3.569123000000000047e+03,-3.720686426165837002e+00
3.573623000000000047e+03,-3.614681425335440235e+00
3.578123000000000047e+03,-3.453168229791949262e+00
3.582623000000000047e+03,-3.374106461579815086e+00
3.587123000000000047e+03,-3.401830781737158027e+00
3.587123000000000047e+03,-3.401830781737158027e+00
3.590980142857142710e+03,-3.424325554536908456e+00
3.594837285714285827e+03,-3.637243969903740215e+00
3.598694428571428489e+03,-3.762964219635745344e+00
3.602551571428571606e+03,-3.656336983192887580e+00
3.606408714285714268e+03,-3.523982006582364601e+00
3.610265857142857385e+03,-3.452944255891034597e+00
3.614123000000000047e+03,-3.511140530868160692e+00
3.614123000000000047e+03,-3.511140530868160692e+00
3.617980285714285856e+03,-3.511140530868160692e+00
3.621837571428571209e+03,-3.900939241810214675e+00
3.625694857142857018e+03,-3.990877068539630645e+00
3.629552142857142826e+03,-3.772322992073504189e+00
3.633409428571428634e+03,-3.811874326558241322e+00
3.637266714285713988e+03,-3.628539517639947753e+00
3.641123999999999796e+03,-3.537065229101620467e+00
3.641123999999999796e+03,-3.537065229101620467e+00
3.645623999999999796e+03,-3.664051964306203502e+00
3.650123999999999796e+03,-3.715622384192110328e+00
3.654623999999999796e+03,-3.458806977536111216e+00
3.659123999999999796e+03,-3.472636529813378115e+00
3.663623999999999796e+03,-3.434274643081808076e+00
3.668123999999999796e+03,-3.576549381822712981e+00
3.668123999999999796e+03,-3.576549381822712981e+00
3.672623999999999796e+03,-3.680873328938772282e+00
3.677123999999999796e+03,-3.691802653258907885e+00
3.681623999999999796e+03,-3.853285077260653502e+00
3.686123999999999796e+03,-3.791868782757743528e+00
3.690623999999999796e+03,-3.554078794287320431e+00
3.695123999999999796e+03,-3.294534513880897464e+00
3.695123999999999796e+03,-3.294534513880897464e+00
3.699623999999999796e+03,-3.504046741466252612e+00
3.704123999999999796e+03,-3.650637952793725383e+00
3.708623999999999796e+03,-3.565889095410981202e+00
3.713123999999999796e+03,-3.503218408396677752e+00
3.717623999999999796e+03,-3.622954025969935543e+00
3.722123999999999796e+03,-3.783807945873896017e+00
3.722123999999999796e+03,-3.783807945873896017e+00
3.726624166666666497e+03,-3.660542178560164839e+00
3.731124333333333198e+03,-3.550695187444635526e+00
3.735624499999999898e+03,-3.533068880399909073e+00
3.740124666666666599e+03,-3.549195608817975245e+00
3.744624833333333299e+03,-3.987031439901139063e+00
3.749125000000000000e+03,-3.780158090629959666e+00
3.749125000000000000e+03,-3.780158090629959666e+00
3.752982166666666672e+03,-3.892792084947324316e+00
3.756839333333333343e+03,-3.789630081677617834e+00
3.760696500000000015e+03,-3.698981164186761372e+00
3.764553666666666686e+03,-3.516576609402886078e+00
3.768410833333333358e+03,-3.566726289633296965e+00
3.772268000000000029e+03,-3.489047816510390643e+00
3.772268000000000029e+03,-3.489047816510390643e+00
3.776125166666666701e+03,-3.546443383455256004e+00
3.779982333333333372e+03,-3.517388049441693809e+00
3.783839500000000044e+03,-3.624451434211123591e+00
3.787696666666666715e+03,-3.714654453622839636e+00
3.791553833333333387e+03,-3.839038336354229308e+00
3.795411000000000058e+03,-3.832525249202098028e+00
3.795411000000000058e+03,-3.832525249202098028e+00
3.799268142857142720e+03,-3.706035780942940061e+00
3.803125285714285837e+03,-3.633112809987485203e+00
3.806982428571428500e+03,-3.633112809987485203e+00
3.810839571428571617e+03,-3.618877802921598441e+00
3.814696714285714279e+03,-3.518567541833406143e+00
3.818553857142857396e+03,-3.292302674938222928e+00
3.822411000000000058e+03,-3.421685301284400627e+00
3.822411000000000058e+03,-3.421685301284400627e+00
3.826911000000000058e+03,-3.588772898647536902e+00
3.831411000000000058e+03,-3.557179775668109833e+00
3.835911000000000058e+03,-3.557803799103064879e+00
3.840411000000000058e+03,-3.646924970821362688e+00
3.844911000000000058e+03,-3.712675545277735800e+00
3.849411000000000058e+03,-3.598892101848540914e+00
3.849411000000000058e+03,-3.598892101848540914e+00
3.853911000000000058e+03,-3.955239111284976961e+00
3.858411000000000058e+03,-3.611093288654132927e+00
3.862911000000000058e+03,-3.437991313025519968e+00
3.867411000000000058e+03,-3.342620253680270714e+00
3.871911000000000058e+03,-3.492595759207448136e+00
3.876411000000000058e+03,-3.432372103327894219e+00
3.876411000000000058e+03,-3.432372103327894219e+00
3.880268285714285867e+03,-3.566917435993801178e+00
3.884125571428571220e+03,-3.724813361286093638e+00
3.887982857142857029e+03,-3.720769932940148461e+00
3.891840142857142837e+03,-3.627553124298315890e+00
3.895697428571428645e+03,-3.507842553960168530e+00
3.899554714285713999e+03,-3.460627536942640248e+00
3.903411999999999807e+03,-3.859335341275421882e+00
3.903411999999999807e+03,-3.859335341275421882e+00
3.907911999999999807e+03,-3.727537502943185643e+00
3.912411999999999807e+03,-3.725035262846788875e+00
3.916911999999999807e+03,-3.516658887842567083e+00
3.921411999999999807e+03,-3.469623411947235780e+00
3.925911999999999807e+03,-3.426438744529480829e+00
3.930411999999999807e+03,-3.383144719728925054e+00
3.930411999999999807e+03,-3.383144719728925054e+00
3.934911999999999807e+03,-3.497650532461872519e+00
3.939411999999999807e+03,-3.709814915156827375e+00
3.943911999999999807e+03,-3.808593002563470886e+00
3.948411999999999807e+03,-3.577697140507729578e+00
3.952911999999999807e+03,-3.521702944527554724e+00
3.957411999999999807e+03,-3.721316303458845010e+00
3.957411999999999807e+03,-3.721316303458845010e+00
3.961911999999999807e+03,-3.477454663575942018e+00
3.966411999999999807e+03,-3.486873592070603323e+00
3.970911999999999807e+03,-3.552706493824125733e+00
3.975411999999999807e+03,-3.551895537667262293e+00
3.979911999999999807e+03,-3.763793052080437906e+00
3.984411999999999807e+03,-3.440484037463820588e+00
3.984411999999999807e+03,-3.440484037463820588e+00
3.988261148499999763e+03,-3.403562103254177185e+00
3.992110297000000173e+03,-3.477041457860274409e+00
3.995959445500000129e+03,-3.363482075296238438e+00
3.999808594000000085e+03,-3.431653099537801399e+00
